# MSlice Cut of workspace "LET77597_1.05meV_rings"
# Cut axis: DeltaE,-3.0,0.699999988079071,0.004999999888241291
# Integration axis: |Q|,0.4,0.5,0.0
# (Energy Transfer (meV)) (Signal) (Error)
-3.000000000e+00          nan          nan
-2.994993234e+00          nan          nan
-2.989986468e+00          nan          nan
-2.984979702e+00          nan          nan
-2.979972936e+00          nan          nan
-2.974966171e+00          nan          nan
-2.969959405e+00          nan          nan
-2.964952639e+00          nan          nan
-2.959945873e+00          nan          nan
-2.954939107e+00          nan          nan
-2.949932341e+00          nan          nan
-2.944925575e+00          nan          nan
-2.939918809e+00          nan          nan
-2.934912044e+00          nan          nan
-2.929905278e+00          nan          nan
-2.924898512e+00          nan          nan
-2.919891746e+00          nan          nan
-2.914884980e+00          nan          nan
-2.909878214e+00          nan          nan
-2.904871448e+00          nan          nan
-2.899864682e+00          nan          nan
-2.894857916e+00          nan          nan
-2.889851151e+00          nan          nan
-2.884844385e+00          nan          nan
-2.879837619e+00          nan          nan
-2.874830853e+00          nan          nan
-2.869824087e+00          nan          nan
-2.864817321e+00          nan          nan
-2.859810555e+00          nan          nan
-2.854803789e+00          nan          nan
-2.849797023e+00          nan          nan
-2.844790258e+00          nan          nan
-2.839783492e+00          nan          nan
-2.834776726e+00          nan          nan
-2.829769960e+00          nan          nan
-2.824763194e+00          nan          nan
-2.819756428e+00          nan          nan
-2.814749662e+00          nan          nan
-2.809742896e+00          nan          nan
-2.804736131e+00          nan          nan
-2.799729365e+00          nan          nan
-2.794722599e+00          nan          nan
-2.789715833e+00          nan          nan
-2.784709067e+00          nan          nan
-2.779702301e+00          nan          nan
-2.774695535e+00          nan          nan
-2.769688769e+00          nan          nan
-2.764682003e+00          nan          nan
-2.759675238e+00          nan          nan
-2.754668472e+00          nan          nan
-2.749661706e+00          nan          nan
-2.744654940e+00          nan          nan
-2.739648174e+00          nan          nan
-2.734641408e+00          nan          nan
-2.729634642e+00          nan          nan
-2.724627876e+00          nan          nan
-2.719621111e+00          nan          nan
-2.714614345e+00          nan          nan
-2.709607579e+00          nan          nan
-2.704600813e+00          nan          nan
-2.699594047e+00          nan          nan
-2.694587281e+00          nan          nan
-2.689580515e+00          nan          nan
-2.684573749e+00          nan          nan
-2.679566983e+00          nan          nan
-2.674560218e+00          nan          nan
-2.669553452e+00          nan          nan
-2.664546686e+00          nan          nan
-2.659539920e+00          nan          nan
-2.654533154e+00          nan          nan
-2.649526388e+00          nan          nan
-2.644519622e+00          nan          nan
-2.639512856e+00          nan          nan
-2.634506090e+00          nan          nan
-2.629499325e+00          nan          nan
-2.624492559e+00          nan          nan
-2.619485793e+00          nan          nan
-2.614479027e+00          nan          nan
-2.609472261e+00          nan          nan
-2.604465495e+00          nan          nan
-2.599458729e+00          nan          nan
-2.594451963e+00          nan          nan
-2.589445198e+00          nan          nan
-2.584438432e+00          nan          nan
-2.579431666e+00          nan          nan
-2.574424900e+00          nan          nan
-2.569418134e+00          nan          nan
-2.564411368e+00          nan          nan
-2.559404602e+00          nan          nan
-2.554397836e+00          nan          nan
-2.549391070e+00          nan          nan
-2.544384305e+00          nan          nan
-2.539377539e+00          nan          nan
-2.534370773e+00          nan          nan
-2.529364007e+00          nan          nan
-2.524357241e+00          nan          nan
-2.519350475e+00          nan          nan
-2.514343709e+00          nan          nan
-2.509336943e+00          nan          nan
-2.504330178e+00          nan          nan
-2.499323412e+00          nan          nan
-2.494316646e+00          nan          nan
-2.489309880e+00          nan          nan
-2.484303114e+00          nan          nan
-2.479296348e+00          nan          nan
-2.474289582e+00          nan          nan
-2.469282816e+00          nan          nan
-2.464276050e+00          nan          nan
-2.459269285e+00          nan          nan
-2.454262519e+00          nan          nan
-2.449255753e+00          nan          nan
-2.444248987e+00          nan          nan
-2.439242221e+00          nan          nan
-2.434235455e+00          nan          nan
-2.429228689e+00          nan          nan
-2.424221923e+00          nan          nan
-2.419215157e+00          nan          nan
-2.414208392e+00          nan          nan
-2.409201626e+00          nan          nan
-2.404194860e+00          nan          nan
-2.399188094e+00          nan          nan
-2.394181328e+00          nan          nan
-2.389174562e+00          nan          nan
-2.384167796e+00          nan          nan
-2.379161030e+00          nan          nan
-2.374154265e+00          nan          nan
-2.369147499e+00          nan          nan
-2.364140733e+00          nan          nan
-2.359133967e+00          nan          nan
-2.354127201e+00          nan          nan
-2.349120435e+00          nan          nan
-2.344113669e+00          nan          nan
-2.339106903e+00          nan          nan
-2.334100137e+00          nan          nan
-2.329093372e+00          nan          nan
-2.324086606e+00          nan          nan
-2.319079840e+00          nan          nan
-2.314073074e+00          nan          nan
-2.309066308e+00          nan          nan
-2.304059542e+00          nan          nan
-2.299052776e+00          nan          nan
-2.294046010e+00          nan          nan
-2.289039245e+00          nan          nan
-2.284032479e+00          nan          nan
-2.279025713e+00          nan          nan
-2.274018947e+00          nan          nan
-2.269012181e+00          nan          nan
-2.264005415e+00          nan          nan
-2.258998649e+00          nan          nan
-2.253991883e+00          nan          nan
-2.248985117e+00          nan          nan
-2.243978352e+00          nan          nan
-2.238971586e+00          nan          nan
-2.233964820e+00          nan          nan
-2.228958054e+00          nan          nan
-2.223951288e+00          nan          nan
-2.218944522e+00          nan          nan
-2.213937756e+00          nan          nan
-2.208930990e+00          nan          nan
-2.203924224e+00          nan          nan
-2.198917459e+00          nan          nan
-2.193910693e+00          nan          nan
-2.188903927e+00          nan          nan
-2.183897161e+00          nan          nan
-2.178890395e+00          nan          nan
-2.173883629e+00          nan          nan
-2.168876863e+00          nan          nan
-2.163870097e+00          nan          nan
-2.158863332e+00          nan          nan
-2.153856566e+00          nan          nan
-2.148849800e+00          nan          nan
-2.143843034e+00          nan          nan
-2.138836268e+00          nan          nan
-2.133829502e+00          nan          nan
-2.128822736e+00          nan          nan
-2.123815970e+00          nan          nan
-2.118809204e+00          nan          nan
-2.113802439e+00          nan          nan
-2.108795673e+00          nan          nan
-2.103788907e+00          nan          nan
-2.098782141e+00          nan          nan
-2.093775375e+00          nan          nan
-2.088768609e+00          nan          nan
-2.083761843e+00          nan          nan
-2.078755077e+00          nan          nan
-2.073748312e+00          nan          nan
-2.068741546e+00          nan          nan
-2.063734780e+00          nan          nan
-2.058728014e+00          nan          nan
-2.053721248e+00          nan          nan
-2.048714482e+00          nan          nan
-2.043707716e+00          nan          nan
-2.038700950e+00          nan          nan
-2.033694184e+00          nan          nan
-2.028687419e+00          nan          nan
-2.023680653e+00          nan          nan
-2.018673887e+00          nan          nan
-2.013667121e+00          nan          nan
-2.008660355e+00          nan          nan
-2.003653589e+00          nan          nan
-1.998646823e+00          nan          nan
-1.993640057e+00          nan          nan
-1.988633291e+00          nan          nan
-1.983626526e+00          nan          nan
-1.978619760e+00          nan          nan
-1.973612994e+00          nan          nan
-1.968606228e+00          nan          nan
-1.963599462e+00          nan          nan
-1.958592696e+00          nan          nan
-1.953585930e+00          nan          nan
-1.948579164e+00          nan          nan
-1.943572399e+00          nan          nan
-1.938565633e+00          nan          nan
-1.933558867e+00          nan          nan
-1.928552101e+00          nan          nan
-1.923545335e+00          nan          nan
-1.918538569e+00          nan          nan
-1.913531803e+00          nan          nan
-1.908525037e+00          nan          nan
-1.903518271e+00          nan          nan
-1.898511506e+00          nan          nan
-1.893504740e+00          nan          nan
-1.888497974e+00          nan          nan
-1.883491208e+00          nan          nan
-1.878484442e+00          nan          nan
-1.873477676e+00          nan          nan
-1.868470910e+00          nan          nan
-1.863464144e+00          nan          nan
-1.858457379e+00          nan          nan
-1.853450613e+00          nan          nan
-1.848443847e+00          nan          nan
-1.843437081e+00          nan          nan
-1.838430315e+00          nan          nan
-1.833423549e+00          nan          nan
-1.828416783e+00          nan          nan
-1.823410017e+00          nan          nan
-1.818403251e+00          nan          nan
-1.813396486e+00          nan          nan
-1.808389720e+00          nan          nan
-1.803382954e+00          nan          nan
-1.798376188e+00          nan          nan
-1.793369422e+00          nan          nan
-1.788362656e+00          nan          nan
-1.783355890e+00          nan          nan
-1.778349124e+00          nan          nan
-1.773342358e+00          nan          nan
-1.768335593e+00          nan          nan
-1.763328827e+00          nan          nan
-1.758322061e+00          nan          nan
-1.753315295e+00          nan          nan
-1.748308529e+00          nan          nan
-1.743301763e+00          nan          nan
-1.738294997e+00          nan          nan
-1.733288231e+00          nan          nan
-1.728281466e+00          nan          nan
-1.723274700e+00          nan          nan
-1.718267934e+00          nan          nan
-1.713261168e+00          nan          nan
-1.708254402e+00          nan          nan
-1.703247636e+00          nan          nan
-1.698240870e+00          nan          nan
-1.693234104e+00          nan          nan
-1.688227338e+00          nan          nan
-1.683220573e+00          nan          nan
-1.678213807e+00          nan          nan
-1.673207041e+00          nan          nan
-1.668200275e+00          nan          nan
-1.663193509e+00          nan          nan
-1.658186743e+00          nan          nan
-1.653179977e+00          nan          nan
-1.648173211e+00          nan          nan
-1.643166446e+00          nan          nan
-1.638159680e+00          nan          nan
-1.633152914e+00          nan          nan
-1.628146148e+00          nan          nan
-1.623139382e+00          nan          nan
-1.618132616e+00          nan          nan
-1.613125850e+00          nan          nan
-1.608119084e+00          nan          nan
-1.603112318e+00          nan          nan
-1.598105553e+00          nan          nan
-1.593098787e+00          nan          nan
-1.588092021e+00          nan          nan
-1.583085255e+00          nan          nan
-1.578078489e+00          nan          nan
-1.573071723e+00          nan          nan
-1.568064957e+00          nan          nan
-1.563058191e+00          nan          nan
-1.558051425e+00          nan          nan
-1.553044660e+00          nan          nan
-1.548037894e+00          nan          nan
-1.543031128e+00          nan          nan
-1.538024362e+00          nan          nan
-1.533017596e+00          nan          nan
-1.528010830e+00          nan          nan
-1.523004064e+00          nan          nan
-1.517997298e+00          nan          nan
-1.512990533e+00          nan          nan
-1.507983767e+00          nan          nan
-1.502977001e+00          nan          nan
-1.497970235e+00          nan          nan
-1.492963469e+00          nan          nan
-1.487956703e+00          nan          nan
-1.482949937e+00          nan          nan
-1.477943171e+00          nan          nan
-1.472936405e+00          nan          nan
-1.467929640e+00          nan          nan
-1.462922874e+00          nan          nan
-1.457916108e+00          nan          nan
-1.452909342e+00          nan          nan
-1.447902576e+00          nan          nan
-1.442895810e+00          nan          nan
-1.437889044e+00          nan          nan
-1.432882278e+00          nan          nan
-1.427875513e+00          nan          nan
-1.422868747e+00          nan          nan
-1.417861981e+00          nan          nan
-1.412855215e+00          nan          nan
-1.407848449e+00          nan          nan
-1.402841683e+00          nan          nan
-1.397834917e+00          nan          nan
-1.392828151e+00          nan          nan
-1.387821385e+00          nan          nan
-1.382814620e+00          nan          nan
-1.377807854e+00          nan          nan
-1.372801088e+00          nan          nan
-1.367794322e+00          nan          nan
-1.362787556e+00          nan          nan
-1.357780790e+00          nan          nan
-1.352774024e+00          nan          nan
-1.347767258e+00          nan          nan
-1.342760492e+00          nan          nan
-1.337753727e+00          nan          nan
-1.332746961e+00          nan          nan
-1.327740195e+00          nan          nan
-1.322733429e+00          nan          nan
-1.317726663e+00          nan          nan
-1.312719897e+00          nan          nan
-1.307713131e+00          nan          nan
-1.302706365e+00          nan          nan
-1.297699600e+00          nan          nan
-1.292692834e+00          nan          nan
-1.287686068e+00          nan          nan
-1.282679302e+00          nan          nan
-1.277672536e+00          nan          nan
-1.272665770e+00          nan          nan
-1.267659004e+00          nan          nan
-1.262652238e+00          nan          nan
-1.257645472e+00          nan          nan
-1.252638707e+00          nan          nan
-1.247631941e+00          nan          nan
-1.242625175e+00          nan          nan
-1.237618409e+00          nan          nan
-1.232611643e+00          nan          nan
-1.227604877e+00          nan          nan
-1.222598111e+00          nan          nan
-1.217591345e+00          nan          nan
-1.212584580e+00          nan          nan
-1.207577814e+00          nan          nan
-1.202571048e+00          nan          nan
-1.197564282e+00          nan          nan
-1.192557516e+00          nan          nan
-1.187550750e+00          nan          nan
-1.182543984e+00          nan          nan
-1.177537218e+00          nan          nan
-1.172530452e+00          nan          nan
-1.167523687e+00          nan          nan
-1.162516921e+00          nan          nan
-1.157510155e+00          nan          nan
-1.152503389e+00          nan          nan
-1.147496623e+00          nan          nan
-1.142489857e+00          nan          nan
-1.137483091e+00          nan          nan
-1.132476325e+00          nan          nan
-1.127469559e+00          nan          nan
-1.122462794e+00          nan          nan
-1.117456028e+00          nan          nan
-1.112449262e+00          nan          nan
-1.107442496e+00          nan          nan
-1.102435730e+00          nan          nan
-1.097428964e+00          nan          nan
-1.092422198e+00          nan          nan
-1.087415432e+00          nan          nan
-1.082408667e+00          nan          nan
-1.077401901e+00          nan          nan
-1.072395135e+00          nan          nan
-1.067388369e+00          nan          nan
-1.062381603e+00          nan          nan
-1.057374837e+00          nan          nan
-1.052368071e+00          nan          nan
-1.047361305e+00          nan          nan
-1.042354539e+00          nan          nan
-1.037347774e+00          nan          nan
-1.032341008e+00          nan          nan
-1.027334242e+00          nan          nan
-1.022327476e+00          nan          nan
-1.017320710e+00          nan          nan
-1.012313944e+00          nan          nan
-1.007307178e+00          nan          nan
-1.002300412e+00          nan          nan
-9.972936465e-01          nan          nan
-9.922868806e-01          nan          nan
-9.872801147e-01          nan          nan
-9.822733489e-01          nan          nan
-9.772665830e-01          nan          nan
-9.722598171e-01          nan          nan
-9.672530512e-01          nan          nan
-9.622462853e-01          nan          nan
-9.572395194e-01          nan          nan
-9.522327536e-01          nan          nan
-9.472259877e-01          nan          nan
-9.422192218e-01          nan          nan
-9.372124559e-01          nan          nan
-9.322056900e-01          nan          nan
-9.271989241e-01          nan          nan
-9.221921583e-01          nan          nan
-9.171853924e-01          nan          nan
-9.121786265e-01          nan          nan
-9.071718606e-01          nan          nan
-9.021650947e-01          nan          nan
-8.971583288e-01          nan          nan
-8.921515629e-01          nan          nan
-8.871447971e-01          nan          nan
-8.821380312e-01          nan          nan
-8.771312653e-01          nan          nan
-8.721244994e-01          nan          nan
-8.671177335e-01          nan          nan
-8.621109676e-01          nan          nan
-8.571042018e-01          nan          nan
-8.520974359e-01          nan          nan
-8.470906700e-01          nan          nan
-8.420839041e-01          nan          nan
-8.370771382e-01 4.798744229e-01 8.356426666e-01
-8.320703723e-01 -2.326853354e-01 2.715308501e-01
-8.270636065e-01 6.936240883e-01 8.672363687e-01
-8.220568406e-01 4.698599220e-01 8.329281124e-01
-8.170500747e-01 3.093269710e-02 5.709316085e-01
-8.120433088e-01 -3.231389809e-01 1.645700457e-02
-8.070365429e-01 -3.249176945e-01 1.646700486e-02
-8.020297770e-01 6.761043518e-01 9.330531993e-01
-7.970230112e-01 -3.289932936e-01 1.652120326e-02
-7.920162453e-01 -3.310037051e-01 1.657582537e-02
-7.870094794e-01 -3.330478562e-01 1.664550513e-02
-7.820027135e-01 4.753388637e-01 8.755804799e-01
-7.769959476e-01 -2.020948592e-01 3.577882077e-01
-7.719891817e-01 -3.391919977e-01 1.674880941e-02
-7.669824159e-01 5.123739018e-01 8.537472677e-01
-7.619756500e-01 -3.427028645e-01 1.681553081e-02
-7.569688841e-01 -3.436164045e-01 1.684747691e-02
-7.519621182e-01 -3.445213732e-01 1.687724404e-02
-7.469553523e-01 -3.450701036e-01 1.686592335e-02
-7.419485864e-01 -3.453906990e-01 1.682641103e-02
-7.369418206e-01 -3.457205482e-01 1.678890353e-02
-7.319350547e-01 -3.460065241e-01 1.678919127e-02
-7.269282888e-01 -3.461788440e-01 1.679752907e-02
-7.219215229e-01 1.733591796e+00 1.602087876e+00
-7.169147570e-01 -3.465088289e-01 1.679250569e-02
-7.119079911e-01 1.211183368e+00 1.557765824e+00
-7.069012253e-01 -3.464490661e-01 1.669653198e-02
-7.018944594e-01 -3.463858643e-01 1.666784301e-02
-6.968876935e-01 -1.709112665e-01 3.596504208e-01
-6.918809276e-01 2.170562593e-01 6.454226690e-01
-6.868741617e-01 -3.470425607e-01 1.668698780e-02
-6.818673958e-01 -3.481568757e-01 1.670272150e-02
-6.768606299e-01 1.592724976e+00 1.561918576e+00
-6.718538641e-01 -3.007477584e-02 6.337589102e-01
-6.668470982e-01 -3.515578322e-01 1.672194727e-02
-6.618403323e-01 -3.529368181e-01 1.676401637e-02
-6.568335664e-01 8.535721514e-01 1.208323099e+00
-6.518268005e-01 -3.564157813e-01 1.684816106e-02
-6.468200346e-01 5.475925830e-01 9.063309443e-01
-6.418132688e-01 -3.605964036e-01 1.688539413e-02
-6.368065029e-01 3.183251085e-01 6.813628202e-01
-6.317997370e-01 -3.644040858e-01 1.694407015e-02
-6.267929711e-01 2.199095597e+00 1.527301839e+00
-6.217862052e-01 1.930325235e+00 1.396245291e+00
-6.167794393e-01 4.301592083e-01 7.735795043e-01
-6.117726735e-01 2.033502852e-01 6.681077974e-01
-6.067659076e-01 6.210084684e-01 8.487043811e-01
-6.017591417e-01 4.208888278e-01 7.968927097e-01
-5.967523758e-01 -1.210966852e-01 4.444192619e-01
-5.917456099e-01 1.337652612e-01 6.284976174e-01
-5.867388440e-01 4.961650037e-01 8.207644940e-01
-5.817320782e-01 2.518022275e-01 6.857153714e-01
-5.767253123e-01 -3.851478712e-01 1.725861260e-02
-5.717185464e-01 5.373370042e-01 7.899805809e-01
-5.667117805e-01 1.122913931e+00 1.213625682e+00
-5.617050146e-01 4.762721137e-01 8.591499281e-01
-5.566982487e-01 -1.596169945e-01 4.068707900e-01
-5.516914829e-01 -3.967569000e-01 1.751484781e-02
-5.466847170e-01 7.533856272e-01 9.645855723e-01
-5.416779511e-01 -4.014237522e-01 1.762803794e-02
-5.366711852e-01 4.463982892e-01 8.502762009e-01
-5.316644193e-01 -4.061638028e-01 1.774146806e-02
-5.266576534e-01 4.333468400e-01 9.974348757e-01
-5.216508876e-01 -4.119344014e-01 1.848339384e-02
-5.166441217e-01 -4.148803729e-01 1.801096468e-02
-5.116373558e-01 -4.181369738e-01 1.811828548e-02
-5.066305899e-01 -4.214911766e-01 1.820708491e-02
-5.016238240e-01 -4.248701729e-01 1.829436959e-02
-4.966170581e-01 -4.279628394e-01 1.838766970e-02
-4.916102922e-01 -4.308672580e-01 1.848146329e-02
-4.866035264e-01 4.432330440e-01 7.884509756e-01
-4.815967605e-01 9.502992500e-02 6.094974597e-01
-4.765899946e-01 -4.395277593e-01 1.877854827e-02
-4.715832287e-01 -4.420175969e-01 1.885520169e-02
-4.665764628e-01 -4.444800663e-01 1.892719609e-02
-4.615696969e-01 -4.470545650e-01 1.900699163e-02
-4.565629311e-01 -4.497838175e-01 1.910016473e-02
-4.515561652e-01 -4.525394751e-01 1.919410908e-02
-4.465493993e-01 -4.553147847e-01 1.929000044e-02
-4.415426334e-01 -4.580101199e-01 1.939855215e-02
-4.365358675e-01 -4.604213810e-01 1.948023880e-02
-4.315291016e-01 4.211273996e-01 8.841121642e-01
-4.265223358e-01 -4.649154205e-01 1.962457356e-02
-4.215155699e-01 -4.669009463e-01 1.970343827e-02
-4.165088040e-01 -4.689902515e-01 1.978653193e-02
-4.115020381e-01 -4.710217740e-01 1.986759659e-02
-4.064952722e-01 7.854005758e-01 1.042423686e+00
-4.014885063e-01 -2.121397843e-01 5.120031097e-01
-3.964817405e-01 2.694453473e-01 7.473447999e-01
-3.914749746e-01 -1.708010364e-01 4.728175938e-01
-3.864682087e-01 -7.083296595e-02 5.455566476e-01
-3.814614428e-01 -4.859263792e-01 2.041015287e-02
-3.764546769e-01 -4.889289927e-01 2.051547160e-02
-3.714479110e-01 -4.919602532e-01 2.063041762e-02
-3.664411452e-01 -4.949504496e-01 2.075342785e-02
-3.614343793e-01 1.905294387e-01 7.435764864e-01
-3.564276134e-01 -3.856435059e-01 3.039611976e-01
-3.514208475e-01 -5.033541417e-01 2.104189314e-02
-3.464140816e-01 -5.065793755e-01 2.115788719e-02
-3.414073157e-01 4.236908808e-01 9.337722518e-01
-3.364005499e-01 -5.131467064e-01 2.139433101e-02
-3.313937840e-01 -3.695302420e-01 3.876610983e-01
-3.263870181e-01 -5.203334694e-01 2.166532483e-02
-3.213802522e-01 -9.139889230e-02 6.529343647e-01
-3.163734863e-01 2.262136775e-01 7.537499353e-01
-3.113667204e-01 2.231315586e-01 7.541211593e-01
-3.063599546e-01 -5.340691387e-01 2.216313862e-02
-3.013531887e-01 -5.374986253e-01 2.229209495e-02
-2.963464228e-01 5.843962507e-01 9.593059346e-01
-2.913396569e-01 -5.442419318e-01 2.256476814e-02
-2.863328910e-01 -2.491033200e-01 4.648966161e-01
-2.813261251e-01 3.754706166e-01 8.380457085e-01
-2.763193592e-01 6.855842994e-01 9.899701279e-01
-2.713125934e-01 1.684361597e-01 7.637279176e-01
-2.663058275e-01 7.551433884e-02 6.878556307e-01
-2.612990616e-01 -5.646991252e-01 2.335207040e-02
-2.562922957e-01 1.408834280e-01 7.665463207e-01
-2.512855298e-01 -4.536464927e-01 3.136502119e-01
-2.462787639e-01 7.447652199e-01 1.023200489e+00
-2.412719981e-01 1.053876104e+00 1.144473656e+00
-2.362652322e-01 1.005959545e+00 1.107493637e+00
-2.312584663e-01 -5.858266615e-01 2.419343261e-02
-2.262517004e-01 -5.892608064e-01 2.432959482e-02
-2.212449345e-01 1.949801740e-01 7.880971545e-01
-2.162381686e-01 -5.962535009e-01 2.460591252e-02
-2.112314028e-01 2.213091596e-01 8.212396770e-01
-2.062246369e-01 -1.187937549e-01 6.635377980e-01
-2.012178710e-01 -6.061681435e-01 2.500113757e-02
-1.962111051e-01 -5.814211750e-01 1.660524957e-01
-1.912043392e-01 -1.359285530e-01 6.075597976e-01
-1.861975733e-01 4.757560705e-01 9.307503568e-01
-1.811908075e-01 5.435231928e-01 9.756484706e-01
-1.761840416e-01 1.347084666e-01 7.585816701e-01
-1.711772757e-01 -1.017608349e-01 6.827342253e-01
-1.661705098e-01 2.106973455e-01 7.895132264e-01
-1.611637439e-01 2.164677652e-02 7.112895401e-01
-1.561569780e-01 -6.402238394e-01 2.641337417e-02
-1.511502122e-01 -9.217499686e-03 6.862348200e-01
-1.461434463e-01 2.487587954e-01 8.396707512e-01
-1.411366804e-01 1.196682478e+00 1.203496890e+00
-1.361299145e-01 -3.930735196e-01 4.579776127e-01
-1.311231486e-01 -6.615116544e-01 2.731140181e-02
-1.261163827e-01 -8.398319757e-02 6.678174335e-01
-1.211096169e-01 5.004382376e-01 9.496907070e-01
-1.161028510e-01 8.228874305e-01 1.085998803e+00
-1.110960851e-01 1.469048521e+00 1.282607053e+00
-1.060893192e-01 6.876903983e-01 1.027825229e+00
-1.010825533e-01 1.712512152e+00 1.355021397e+00
-9.607578743e-02 -5.522526307e-01 3.276306381e-01
-9.106902155e-02 8.444993891e-02 7.848471223e-01
-8.606225567e-02 5.718153404e-02 7.628907570e-01
-8.105548978e-02 5.353779101e-01 1.010013406e+00
-7.604872390e-02 1.498125433e-02 7.699377467e-01
-7.104195802e-02 1.118326547e-01 8.174150332e-01
-6.603519213e-02 -2.215793077e-01 6.225535989e-01
-6.102842625e-02 -7.356880003e-01 3.036989902e-02
-5.602166036e-02 -7.421774020e-01 3.064603378e-02
-5.101489448e-02 6.412465693e-01 1.062821067e+00
-4.600812860e-02 2.000899162e+00 1.489770042e+00
-4.100136271e-02 5.670970069e+00 2.291225634e+00
-3.599459683e-02 2.178911479e+01 4.273953242e+00
-3.098783095e-02 6.849200941e+01 7.463150506e+00
-2.598106506e-02 1.993573670e+02 1.265296471e+01
-2.097429918e-02 4.853844740e+02 1.974349321e+01
-1.596753329e-02 1.060326562e+03 2.925536252e+01
-1.096076741e-02 2.013634713e+03 4.035228372e+01
-5.954001527e-03 3.020712592e+03 4.947209919e+01
-9.472356436e-04 3.237234306e+03 5.128823880e+01
4.059530240e-03 2.511431947e+03 4.524857233e+01
9.066296124e-03 1.331623876e+03 3.293494473e+01
1.407306201e-02 4.317330329e+02 1.875983024e+01
1.907982789e-02 1.047053017e+02 9.317230014e+00
2.408659378e-02 2.636524439e+01 4.752429628e+00
2.909335966e-02 6.629814584e+00 2.470339849e+00
3.410012554e-02 1.727019422e+00 1.470871180e+00
3.910689143e-02 1.187714398e+00 1.320045749e+00
4.411365731e-02 1.506059262e+00 1.431617441e+00
4.912042319e-02 1.404993238e+00 1.406186106e+00
5.412718908e-02 -1.783734432e-01 7.489632708e-01
5.913395496e-02 9.530397065e-02 9.914675026e-01
6.414072084e-02 3.984709190e-01 1.031786867e+00
6.914748673e-02 -5.265106025e-01 5.737927687e-01
7.415425261e-02 1.581827943e+00 1.426413488e+00
7.916101850e-02 5.270319637e-01 1.088658629e+00
8.416778438e-02 4.790074893e-01 1.089357067e+00
8.917455026e-02 4.862952346e-02 9.223516368e-01
9.418131615e-02 -8.659407494e-01 3.574132350e-01
9.918808203e-02 1.040135764e+00 1.356772329e+00
1.041948479e-01 1.557965887e+00 1.516927613e+00
1.092016138e-01 -2.973074952e-01 7.550854516e-01
1.142083797e-01 5.797151599e-01 1.163658639e+00
1.192151456e-01 6.289433251e-01 1.212168926e+00
1.242219114e-01 6.086561836e-01 1.200947938e+00
1.292286773e-01 1.788632055e-01 1.050019003e+00
1.342354432e-01 -1.340649125e-01 9.311497381e-01
1.392422091e-01 2.825495393e-01 1.053207545e+00
1.442489750e-01 2.670476274e+00 1.758404935e+00
1.492557409e-01 1.266225017e+00 1.387337259e+00
1.542625068e-01 -3.980151515e-01 7.668419212e-01
1.592692726e-01 6.027063362e-01 1.257940040e+00
1.642760385e-01 1.243269322e+00 1.417733693e+00
1.692828044e-01 -8.977767669e-01 4.581130678e-01
1.742895703e-01 7.370021344e-01 1.348645910e+00
1.792963362e-01 -6.523258719e-01 6.798963889e-01
1.843031021e-01 1.229567261e+00 1.425910193e+00
1.893098679e-01 4.609816756e-01 1.170234099e+00
1.943166338e-01 1.892953039e-01 1.072242606e+00
1.993233997e-01 1.299827796e+00 1.426928190e+00
2.043301656e-01 3.906417794e-01 1.175106740e+00
2.093369315e-01 4.488194578e-01 1.227617055e+00
2.143436974e-01 5.444289460e-01 1.327687113e+00
2.193504632e-01 2.032084391e+00 1.794855613e+00
2.243572291e-01 1.007633537e+00 1.436079708e+00
2.293639950e-01 8.761655041e-01 1.343540373e+00
2.343707609e-01 -1.002225296e-01 1.032534098e+00
2.393775268e-01 -1.326299202e+00 5.510601581e-02
2.443842927e-01 -6.891467579e-01 7.413052798e-01
2.493910585e-01 1.753671649e+00 1.598903600e+00
2.543978244e-01 8.443974215e-01 1.372052492e+00
2.594045903e-01 6.870254928e-01 1.509884409e+00
2.644113562e-01 -5.595969226e-01 8.757797367e-01
2.694181221e-01 1.554241017e+00 1.609603154e+00
2.744248880e-01 -2.477239483e-01 1.083206319e+00
2.794316538e-01 1.227419548e+00 1.579043443e+00
2.844384197e-01 -7.338146337e-01 7.972228783e-01
2.894451856e-01 1.265659395e+00 1.511157236e+00
2.944519515e-01 -7.769405149e-02 1.214251265e+00
2.994587174e-01 -7.077009873e-01 8.439394923e-01
3.044654833e-01 -6.685794085e-01 8.537954433e-01
3.094722491e-01 8.858367499e-01 1.445608023e+00
3.144790150e-01 5.584320624e+00 2.538695319e+00
3.194857809e-01 2.393155499e+00 1.861073701e+00
3.244925468e-01 5.114651921e-01 1.518631337e+00
3.294993127e-01 -6.412229772e-01 9.947740056e-01
3.345060786e-01 1.059755316e+00 1.639899560e+00
3.395128445e-01 7.418544347e-01 1.462718113e+00
3.445196103e-01 -1.041923948e+00 7.653061706e-01
3.495263762e-01 -4.989758021e-01 1.035454325e+00
3.545331421e-01 -1.018856283e+00 8.057019705e-01
3.595399080e-01 -1.849373586e+00 7.509327476e-02
3.645466739e-01 -1.839923292e+00 1.914350140e-01
3.695534398e-01 -1.144258312e+00 7.866002460e-01
3.745602056e-01 -1.245015150e+00 7.534592358e-01
3.795669715e-01 -6.019302292e-01 1.062323534e+00
3.845737374e-01 -2.713453782e-01 1.183377437e+00
3.895805033e-01 -4.959144584e-01 1.273729631e+00
3.945872692e-01 2.443843493e+00 2.078691114e+00
3.995940351e-01 1.230473253e+00 1.690737438e+00
4.046008009e-01 2.351458365e+00 2.160299413e+00
4.096075668e-01 -8.941197115e-01 1.267921343e+00
4.146143327e-01 -1.351170099e+00 8.470283663e-01
4.196210986e-01 -1.039910892e+00 1.192595403e+00
4.246278645e-01 -1.456966490e+00 8.146609338e-01
4.296346304e-01 -6.909609739e-01 1.206276859e+00
4.346413962e-01 1.628351863e+00 1.814321463e+00
4.396481621e-01 -2.787450951e-01 1.322737490e+00
4.446549280e-01 2.687935210e+00 2.433986410e+00
4.496616939e-01 -7.394040793e-01 1.423027386e+00
4.546684598e-01 -6.495189164e-01 1.414564080e+00
4.596752257e-01 1.378602656e-01 1.608763430e+00
4.646819915e-01 3.313473135e+00 2.431493240e+00
4.696887574e-01 2.377563073e-01 1.691877840e+00
4.746955233e-01 4.916698083e-01 1.638573400e+00
4.797022892e-01 -3.602466772e-01 1.418096642e+00
4.847090551e-01 -8.582221154e-01 1.432686307e+00
4.897158210e-01 -8.968834916e-01 1.480829872e+00
4.947225868e-01 -6.131447557e-01 1.482413586e+00
4.997293527e-01 -9.793444557e-01 1.353045646e+00
5.047361186e-01 -2.283529315e+00 7.901872067e-01
5.097428845e-01 2.004065622e+00 2.197538656e+00
5.147496504e-01 -1.183194345e+00 1.371581856e+00
5.197564163e-01 1.621731338e-01 1.773221809e+00
5.247631821e-01 -1.348464835e+00 1.413680675e+00
5.297699480e-01 -1.482504417e-01 1.659459781e+00
5.347767139e-01 5.725887967e-01 1.972943763e+00
5.397834798e-01 -1.020576553e+00 1.447869023e+00
5.447902457e-01 5.150970211e-02 1.922480509e+00
5.497970116e-01 4.616451667e-01 1.891753557e+00
5.548037775e-01 2.053463248e+00 2.336253183e+00
5.598105433e-01 1.019959284e+00 2.107710073e+00
5.648173092e-01 6.348484643e-01 2.056634661e+00
5.698240751e-01 -1.288329281e+00 1.580432935e+00
5.748308410e-01 -2.159590599e+00 1.235019030e+00
5.798376069e-01 2.586241219e+00 2.516968453e+00
5.848443728e-01 1.443885092e+00 2.294634713e+00
5.898511386e-01 2.448470495e+00 2.491785090e+00
5.948579045e-01 3.864338691e+00 2.860386918e+00
5.998646704e-01 9.965237284e-01 2.393724082e+00
6.048714363e-01 -1.163447475e+00 1.849124692e+00
6.098782022e-01 2.830536309e+00 2.549847377e+00
6.148849681e-01 5.246375630e-01 2.179637139e+00
6.198917339e-01 3.462698260e-01 2.191546364e+00
6.248984998e-01 4.523285070e+00 3.029869825e+00
6.299052657e-01 -1.097659288e+00 1.988677288e+00
6.349120316e-01 1.025535048e+00 2.335917838e+00
6.399187975e-01 1.032858652e+00 2.391227686e+00
6.449255634e-01 -2.381632476e+00 1.648993908e+00
6.499323292e-01 3.251223208e+00 2.775359371e+00
6.549390951e-01 7.881361093e-01 2.471517048e+00
6.599458610e-01 4.118629305e+00 3.030882212e+00
6.649526269e-01 2.764021461e+00 2.822816975e+00
6.699593928e-01 -1.971736896e+00 1.958382483e+00
6.749661587e-01 1.920273915e+00 2.680395546e+00
6.799729245e-01 -1.844088683e+00 2.061363963e+00
6.849796904e-01 -3.186006956e+00 1.813294839e+00
6.899864563e-01 -1.973954503e+00 2.110743403e+00
6.949932222e-01 2.539647561e+00 2.981844309e+00
6.999999881e-01 -7.744449574e-01 2.422295671e+00
