# MSlice Cut of workspace "LET77597_1.05meV_rings"
# Cut axis: DeltaE,-3.0,0.699999988079071,0.004999999888241291
# Integration axis: |Q|,0.8999999999999999,0.9999999999999999,0.0
# (Energy Transfer (meV)) (Signal) (Error)
-3.000000000e+00          nan          nan
-2.994993234e+00          nan          nan
-2.989986468e+00          nan          nan
-2.984979702e+00          nan          nan
-2.979972936e+00          nan          nan
-2.974966171e+00          nan          nan
-2.969959405e+00          nan          nan
-2.964952639e+00          nan          nan
-2.959945873e+00          nan          nan
-2.954939107e+00          nan          nan
-2.949932341e+00          nan          nan
-2.944925575e+00          nan          nan
-2.939918809e+00          nan          nan
-2.934912044e+00          nan          nan
-2.929905278e+00          nan          nan
-2.924898512e+00          nan          nan
-2.919891746e+00          nan          nan
-2.914884980e+00          nan          nan
-2.909878214e+00          nan          nan
-2.904871448e+00          nan          nan
-2.899864682e+00          nan          nan
-2.894857916e+00          nan          nan
-2.889851151e+00          nan          nan
-2.884844385e+00          nan          nan
-2.879837619e+00          nan          nan
-2.874830853e+00          nan          nan
-2.869824087e+00          nan          nan
-2.864817321e+00          nan          nan
-2.859810555e+00          nan          nan
-2.854803789e+00          nan          nan
-2.849797023e+00          nan          nan
-2.844790258e+00          nan          nan
-2.839783492e+00          nan          nan
-2.834776726e+00          nan          nan
-2.829769960e+00          nan          nan
-2.824763194e+00          nan          nan
-2.819756428e+00          nan          nan
-2.814749662e+00          nan          nan
-2.809742896e+00          nan          nan
-2.804736131e+00          nan          nan
-2.799729365e+00          nan          nan
-2.794722599e+00          nan          nan
-2.789715833e+00          nan          nan
-2.784709067e+00          nan          nan
-2.779702301e+00          nan          nan
-2.774695535e+00          nan          nan
-2.769688769e+00          nan          nan
-2.764682003e+00          nan          nan
-2.759675238e+00          nan          nan
-2.754668472e+00          nan          nan
-2.749661706e+00          nan          nan
-2.744654940e+00          nan          nan
-2.739648174e+00          nan          nan
-2.734641408e+00          nan          nan
-2.729634642e+00          nan          nan
-2.724627876e+00          nan          nan
-2.719621111e+00          nan          nan
-2.714614345e+00          nan          nan
-2.709607579e+00          nan          nan
-2.704600813e+00          nan          nan
-2.699594047e+00          nan          nan
-2.694587281e+00          nan          nan
-2.689580515e+00          nan          nan
-2.684573749e+00          nan          nan
-2.679566983e+00          nan          nan
-2.674560218e+00          nan          nan
-2.669553452e+00          nan          nan
-2.664546686e+00          nan          nan
-2.659539920e+00          nan          nan
-2.654533154e+00          nan          nan
-2.649526388e+00          nan          nan
-2.644519622e+00          nan          nan
-2.639512856e+00          nan          nan
-2.634506090e+00          nan          nan
-2.629499325e+00          nan          nan
-2.624492559e+00          nan          nan
-2.619485793e+00          nan          nan
-2.614479027e+00          nan          nan
-2.609472261e+00          nan          nan
-2.604465495e+00          nan          nan
-2.599458729e+00          nan          nan
-2.594451963e+00          nan          nan
-2.589445198e+00          nan          nan
-2.584438432e+00          nan          nan
-2.579431666e+00          nan          nan
-2.574424900e+00          nan          nan
-2.569418134e+00          nan          nan
-2.564411368e+00          nan          nan
-2.559404602e+00          nan          nan
-2.554397836e+00          nan          nan
-2.549391070e+00          nan          nan
-2.544384305e+00          nan          nan
-2.539377539e+00          nan          nan
-2.534370773e+00          nan          nan
-2.529364007e+00          nan          nan
-2.524357241e+00          nan          nan
-2.519350475e+00          nan          nan
-2.514343709e+00          nan          nan
-2.509336943e+00          nan          nan
-2.504330178e+00          nan          nan
-2.499323412e+00          nan          nan
-2.494316646e+00          nan          nan
-2.489309880e+00          nan          nan
-2.484303114e+00          nan          nan
-2.479296348e+00          nan          nan
-2.474289582e+00          nan          nan
-2.469282816e+00          nan          nan
-2.464276050e+00          nan          nan
-2.459269285e+00          nan          nan
-2.454262519e+00          nan          nan
-2.449255753e+00          nan          nan
-2.444248987e+00          nan          nan
-2.439242221e+00          nan          nan
-2.434235455e+00          nan          nan
-2.429228689e+00          nan          nan
-2.424221923e+00          nan          nan
-2.419215157e+00          nan          nan
-2.414208392e+00          nan          nan
-2.409201626e+00          nan          nan
-2.404194860e+00          nan          nan
-2.399188094e+00          nan          nan
-2.394181328e+00          nan          nan
-2.389174562e+00          nan          nan
-2.384167796e+00          nan          nan
-2.379161030e+00          nan          nan
-2.374154265e+00          nan          nan
-2.369147499e+00          nan          nan
-2.364140733e+00          nan          nan
-2.359133967e+00          nan          nan
-2.354127201e+00          nan          nan
-2.349120435e+00          nan          nan
-2.344113669e+00          nan          nan
-2.339106903e+00          nan          nan
-2.334100137e+00          nan          nan
-2.329093372e+00          nan          nan
-2.324086606e+00          nan          nan
-2.319079840e+00          nan          nan
-2.314073074e+00          nan          nan
-2.309066308e+00          nan          nan
-2.304059542e+00          nan          nan
-2.299052776e+00          nan          nan
-2.294046010e+00          nan          nan
-2.289039245e+00          nan          nan
-2.284032479e+00          nan          nan
-2.279025713e+00          nan          nan
-2.274018947e+00          nan          nan
-2.269012181e+00          nan          nan
-2.264005415e+00          nan          nan
-2.258998649e+00          nan          nan
-2.253991883e+00          nan          nan
-2.248985117e+00          nan          nan
-2.243978352e+00          nan          nan
-2.238971586e+00          nan          nan
-2.233964820e+00          nan          nan
-2.228958054e+00          nan          nan
-2.223951288e+00          nan          nan
-2.218944522e+00          nan          nan
-2.213937756e+00          nan          nan
-2.208930990e+00          nan          nan
-2.203924224e+00          nan          nan
-2.198917459e+00          nan          nan
-2.193910693e+00          nan          nan
-2.188903927e+00          nan          nan
-2.183897161e+00          nan          nan
-2.178890395e+00          nan          nan
-2.173883629e+00          nan          nan
-2.168876863e+00          nan          nan
-2.163870097e+00          nan          nan
-2.158863332e+00          nan          nan
-2.153856566e+00          nan          nan
-2.148849800e+00          nan          nan
-2.143843034e+00          nan          nan
-2.138836268e+00          nan          nan
-2.133829502e+00          nan          nan
-2.128822736e+00          nan          nan
-2.123815970e+00          nan          nan
-2.118809204e+00          nan          nan
-2.113802439e+00          nan          nan
-2.108795673e+00          nan          nan
-2.103788907e+00          nan          nan
-2.098782141e+00          nan          nan
-2.093775375e+00          nan          nan
-2.088768609e+00          nan          nan
-2.083761843e+00          nan          nan
-2.078755077e+00          nan          nan
-2.073748312e+00          nan          nan
-2.068741546e+00          nan          nan
-2.063734780e+00          nan          nan
-2.058728014e+00          nan          nan
-2.053721248e+00          nan          nan
-2.048714482e+00          nan          nan
-2.043707716e+00          nan          nan
-2.038700950e+00          nan          nan
-2.033694184e+00          nan          nan
-2.028687419e+00          nan          nan
-2.023680653e+00          nan          nan
-2.018673887e+00          nan          nan
-2.013667121e+00          nan          nan
-2.008660355e+00          nan          nan
-2.003653589e+00          nan          nan
-1.998646823e+00          nan          nan
-1.993640057e+00          nan          nan
-1.988633291e+00          nan          nan
-1.983626526e+00          nan          nan
-1.978619760e+00          nan          nan
-1.973612994e+00          nan          nan
-1.968606228e+00          nan          nan
-1.963599462e+00          nan          nan
-1.958592696e+00          nan          nan
-1.953585930e+00          nan          nan
-1.948579164e+00          nan          nan
-1.943572399e+00          nan          nan
-1.938565633e+00          nan          nan
-1.933558867e+00          nan          nan
-1.928552101e+00          nan          nan
-1.923545335e+00          nan          nan
-1.918538569e+00          nan          nan
-1.913531803e+00          nan          nan
-1.908525037e+00          nan          nan
-1.903518271e+00          nan          nan
-1.898511506e+00          nan          nan
-1.893504740e+00          nan          nan
-1.888497974e+00          nan          nan
-1.883491208e+00          nan          nan
-1.878484442e+00          nan          nan
-1.873477676e+00          nan          nan
-1.868470910e+00          nan          nan
-1.863464144e+00          nan          nan
-1.858457379e+00          nan          nan
-1.853450613e+00          nan          nan
-1.848443847e+00          nan          nan
-1.843437081e+00          nan          nan
-1.838430315e+00          nan          nan
-1.833423549e+00          nan          nan
-1.828416783e+00          nan          nan
-1.823410017e+00          nan          nan
-1.818403251e+00          nan          nan
-1.813396486e+00          nan          nan
-1.808389720e+00          nan          nan
-1.803382954e+00          nan          nan
-1.798376188e+00          nan          nan
-1.793369422e+00          nan          nan
-1.788362656e+00          nan          nan
-1.783355890e+00          nan          nan
-1.778349124e+00          nan          nan
-1.773342358e+00          nan          nan
-1.768335593e+00          nan          nan
-1.763328827e+00          nan          nan
-1.758322061e+00          nan          nan
-1.753315295e+00          nan          nan
-1.748308529e+00          nan          nan
-1.743301763e+00          nan          nan
-1.738294997e+00          nan          nan
-1.733288231e+00          nan          nan
-1.728281466e+00          nan          nan
-1.723274700e+00          nan          nan
-1.718267934e+00          nan          nan
-1.713261168e+00          nan          nan
-1.708254402e+00          nan          nan
-1.703247636e+00          nan          nan
-1.698240870e+00          nan          nan
-1.693234104e+00          nan          nan
-1.688227338e+00          nan          nan
-1.683220573e+00          nan          nan
-1.678213807e+00          nan          nan
-1.673207041e+00          nan          nan
-1.668200275e+00          nan          nan
-1.663193509e+00          nan          nan
-1.658186743e+00          nan          nan
-1.653179977e+00          nan          nan
-1.648173211e+00          nan          nan
-1.643166446e+00          nan          nan
-1.638159680e+00          nan          nan
-1.633152914e+00          nan          nan
-1.628146148e+00          nan          nan
-1.623139382e+00          nan          nan
-1.618132616e+00          nan          nan
-1.613125850e+00          nan          nan
-1.608119084e+00          nan          nan
-1.603112318e+00          nan          nan
-1.598105553e+00          nan          nan
-1.593098787e+00          nan          nan
-1.588092021e+00          nan          nan
-1.583085255e+00          nan          nan
-1.578078489e+00          nan          nan
-1.573071723e+00          nan          nan
-1.568064957e+00          nan          nan
-1.563058191e+00          nan          nan
-1.558051425e+00          nan          nan
-1.553044660e+00          nan          nan
-1.548037894e+00          nan          nan
-1.543031128e+00          nan          nan
-1.538024362e+00          nan          nan
-1.533017596e+00          nan          nan
-1.528010830e+00          nan          nan
-1.523004064e+00          nan          nan
-1.517997298e+00          nan          nan
-1.512990533e+00          nan          nan
-1.507983767e+00          nan          nan
-1.502977001e+00          nan          nan
-1.497970235e+00          nan          nan
-1.492963469e+00          nan          nan
-1.487956703e+00          nan          nan
-1.482949937e+00          nan          nan
-1.477943171e+00          nan          nan
-1.472936405e+00          nan          nan
-1.467929640e+00          nan          nan
-1.462922874e+00          nan          nan
-1.457916108e+00          nan          nan
-1.452909342e+00          nan          nan
-1.447902576e+00          nan          nan
-1.442895810e+00          nan          nan
-1.437889044e+00          nan          nan
-1.432882278e+00          nan          nan
-1.427875513e+00          nan          nan
-1.422868747e+00          nan          nan
-1.417861981e+00          nan          nan
-1.412855215e+00          nan          nan
-1.407848449e+00          nan          nan
-1.402841683e+00          nan          nan
-1.397834917e+00          nan          nan
-1.392828151e+00          nan          nan
-1.387821385e+00          nan          nan
-1.382814620e+00          nan          nan
-1.377807854e+00          nan          nan
-1.372801088e+00          nan          nan
-1.367794322e+00          nan          nan
-1.362787556e+00          nan          nan
-1.357780790e+00          nan          nan
-1.352774024e+00          nan          nan
-1.347767258e+00          nan          nan
-1.342760492e+00          nan          nan
-1.337753727e+00          nan          nan
-1.332746961e+00          nan          nan
-1.327740195e+00          nan          nan
-1.322733429e+00          nan          nan
-1.317726663e+00          nan          nan
-1.312719897e+00          nan          nan
-1.307713131e+00          nan          nan
-1.302706365e+00          nan          nan
-1.297699600e+00          nan          nan
-1.292692834e+00          nan          nan
-1.287686068e+00          nan          nan
-1.282679302e+00          nan          nan
-1.277672536e+00          nan          nan
-1.272665770e+00          nan          nan
-1.267659004e+00          nan          nan
-1.262652238e+00          nan          nan
-1.257645472e+00          nan          nan
-1.252638707e+00          nan          nan
-1.247631941e+00          nan          nan
-1.242625175e+00          nan          nan
-1.237618409e+00          nan          nan
-1.232611643e+00          nan          nan
-1.227604877e+00          nan          nan
-1.222598111e+00          nan          nan
-1.217591345e+00          nan          nan
-1.212584580e+00          nan          nan
-1.207577814e+00          nan          nan
-1.202571048e+00          nan          nan
-1.197564282e+00          nan          nan
-1.192557516e+00          nan          nan
-1.187550750e+00          nan          nan
-1.182543984e+00          nan          nan
-1.177537218e+00          nan          nan
-1.172530452e+00          nan          nan
-1.167523687e+00          nan          nan
-1.162516921e+00          nan          nan
-1.157510155e+00          nan          nan
-1.152503389e+00          nan          nan
-1.147496623e+00          nan          nan
-1.142489857e+00          nan          nan
-1.137483091e+00          nan          nan
-1.132476325e+00          nan          nan
-1.127469559e+00          nan          nan
-1.122462794e+00          nan          nan
-1.117456028e+00          nan          nan
-1.112449262e+00          nan          nan
-1.107442496e+00          nan          nan
-1.102435730e+00          nan          nan
-1.097428964e+00          nan          nan
-1.092422198e+00          nan          nan
-1.087415432e+00          nan          nan
-1.082408667e+00          nan          nan
-1.077401901e+00          nan          nan
-1.072395135e+00          nan          nan
-1.067388369e+00          nan          nan
-1.062381603e+00          nan          nan
-1.057374837e+00          nan          nan
-1.052368071e+00          nan          nan
-1.047361305e+00          nan          nan
-1.042354539e+00          nan          nan
-1.037347774e+00          nan          nan
-1.032341008e+00          nan          nan
-1.027334242e+00          nan          nan
-1.022327476e+00          nan          nan
-1.017320710e+00          nan          nan
-1.012313944e+00          nan          nan
-1.007307178e+00          nan          nan
-1.002300412e+00          nan          nan
-9.972936465e-01          nan          nan
-9.922868806e-01          nan          nan
-9.872801147e-01          nan          nan
-9.822733489e-01          nan          nan
-9.772665830e-01          nan          nan
-9.722598171e-01          nan          nan
-9.672530512e-01          nan          nan
-9.622462853e-01          nan          nan
-9.572395194e-01          nan          nan
-9.522327536e-01          nan          nan
-9.472259877e-01          nan          nan
-9.422192218e-01          nan          nan
-9.372124559e-01          nan          nan
-9.322056900e-01          nan          nan
-9.271989241e-01          nan          nan
-9.221921583e-01          nan          nan
-9.171853924e-01          nan          nan
-9.121786265e-01          nan          nan
-9.071718606e-01          nan          nan
-9.021650947e-01          nan          nan
-8.971583288e-01          nan          nan
-8.921515629e-01          nan          nan
-8.871447971e-01          nan          nan
-8.821380312e-01          nan          nan
-8.771312653e-01          nan          nan
-8.721244994e-01          nan          nan
-8.671177335e-01          nan          nan
-8.621109676e-01          nan          nan
-8.571042018e-01          nan          nan
-8.520974359e-01          nan          nan
-8.470906700e-01          nan          nan
-8.420839041e-01          nan          nan
-8.370771382e-01 -2.883826132e-01 1.641048677e-02
-8.320703723e-01 -2.891940403e-01 1.644688899e-02
-8.270636065e-01 -2.905649034e-01 1.654769679e-02
-8.220568406e-01 -2.920328950e-01 1.666022485e-02
-8.170500747e-01 1.066950286e+00 1.331360796e+00
-8.120433088e-01 3.760163729e+00 2.366736742e+00
-8.070365429e-01 -2.962782798e-01 1.685670912e-02
-8.020297770e-01 -2.980405489e-01 1.693626432e-02
-7.970230112e-01 -3.003831621e-01 1.707222227e-02
-7.920162453e-01 -3.027478136e-01 1.720773704e-02
-7.870094794e-01 -3.050692620e-01 1.731401443e-02
-7.820027135e-01 -3.074643791e-01 1.738725681e-02
-7.769959476e-01 9.197202014e-01 1.229672468e+00
-7.719891817e-01 1.695813996e+00 1.555184945e+00
-7.669824159e-01 7.963572859e-01 1.167129052e+00
-7.619756500e-01 2.154384543e-01 8.110667291e-01
-7.569688841e-01 -3.163918663e-01 1.784192266e-02
-7.519621182e-01 -3.171273313e-01 1.785860344e-02
-7.469553523e-01 -3.180879472e-01 1.790988429e-02
-7.419485864e-01 1.195909676e+00 1.514976539e+00
-7.369418206e-01 -3.197441995e-01 1.804644153e-02
-7.319350547e-01 7.817092648e-01 1.159154848e+00
-7.269282888e-01 -2.063752560e-01 3.746193380e-01
-7.219215229e-01 -3.229158482e-01 1.812652875e-02
-7.169147570e-01 -3.239653278e-01 1.817234952e-02
-7.119079911e-01 -3.251802894e-01 1.824443331e-02
-7.069012253e-01 -3.265497727e-01 1.831335376e-02
-7.018944594e-01 -3.286763553e-01 1.835393259e-02
-6.968876935e-01 -3.312443642e-01 1.841502722e-02
-6.918809276e-01 -3.341883815e-01 1.850902783e-02
-6.868741617e-01 9.656885814e-01 1.272953454e+00
-6.818673958e-01 8.460635798e-01 1.215363668e+00
-6.768606299e-01 1.046822332e+00 1.389818189e+00
-6.718538641e-01 -3.458767131e-01 1.890063858e-02
-6.668470982e-01 -3.485367997e-01 1.900266767e-02
-6.618403323e-01 -3.512067793e-01 1.910677398e-02
-6.568335664e-01 -3.538129173e-01 1.922904137e-02
-6.518268005e-01 1.196546639e-01 7.716901149e-01
-6.468200346e-01 4.130389368e-01 9.814102053e-01
-6.418132688e-01 -3.610058714e-01 1.950410880e-02
-6.368065029e-01 8.879141465e-01 1.251112253e+00
-6.317997370e-01 -3.650949955e-01 1.968630819e-02
-6.267929711e-01 -2.218463020e-01 4.608773626e-01
-6.217862052e-01 7.289917816e-01 1.219629126e+00
-6.167794393e-01 -1.117158176e-01 5.914549369e-01
-6.117726735e-01 8.696768791e-01 1.241086136e+00
-6.067659076e-01 -3.727827146e-01 2.008626576e-02
-6.017591417e-01 -3.734728905e-01 2.013605788e-02
-5.967523758e-01 -3.736715478e-01 2.018553545e-02
-5.917456099e-01 8.834227683e-01 1.257396104e+00
-5.867388440e-01 -3.740506433e-01 2.030235842e-02
-5.817320782e-01 8.981156540e-01 1.272600124e+00
-5.767253123e-01 -3.750717094e-01 2.038841828e-02
-5.717185464e-01 8.518154455e-01 1.228132462e+00
-5.667117805e-01 8.848887274e-01 1.262681169e+00
-5.617050146e-01 4.717091005e-01 1.042247138e+00
-5.566982487e-01 4.398582386e-02 7.358520793e-01
-5.516914829e-01 2.176410054e-01 8.708274568e-01
-5.466847170e-01 2.632636711e-01 9.043873776e-01
-5.416779511e-01 -3.878700622e-01 2.110512447e-02
-5.366711852e-01 -3.909784646e-01 2.125997806e-02
-5.316644193e-01 -3.944456258e-01 2.140025715e-02
-5.266576534e-01 -3.983011914e-01 2.151784663e-02
-5.216508876e-01 -4.018407191e-01 2.166572959e-02
-5.166441217e-01 -4.052776999e-01 2.185342365e-02
-5.116373558e-01 4.824248773e-01 1.054726772e+00
-5.066305899e-01 -5.704097822e-02 6.654706940e-01
-5.016238240e-01 -4.164632234e-01 2.231104987e-02
-4.966170581e-01 -4.199482800e-01 2.246235155e-02
-4.916102922e-01 -4.227737521e-01 2.263408856e-02
-4.866035264e-01 -1.243047091e-01 6.175932823e-01
-4.815967605e-01 5.327332807e-01 1.100718510e+00
-4.765899946e-01 -4.297342866e-01 2.300057240e-02
-4.715832287e-01 -4.313706574e-01 2.310826251e-02
-4.665764628e-01 -4.329062767e-01 2.324086071e-02
-4.615696969e-01 -4.342279825e-01 2.338187477e-02
-4.565629311e-01 6.775480147e-02 8.152687384e-01
-4.515561652e-01 -1.727997502e-01 5.878052875e-01
-4.465493993e-01 -4.342284303e-01 2.353544833e-02
-4.415426334e-01 -1.866742805e-01 5.571654644e-01
-4.365358675e-01 1.219460950e+00 1.445343423e+00
-4.315291016e-01 2.175801291e+00 1.844280204e+00
-4.265223358e-01 -4.326804380e-01 2.379089689e-02
-4.215155699e-01 -4.334442288e-01 2.387841485e-02
-4.165088040e-01 -4.343129355e-01 2.398239258e-02
-4.115020381e-01 -4.355460289e-01 2.416920121e-02
-4.064952722e-01 -4.381558040e-01 2.448169072e-02
-4.014885063e-01 -4.413075373e-01 2.479301399e-02
-3.964817405e-01 -4.445014010e-01 2.510515238e-02
-3.914749746e-01 -4.477651709e-01 2.541846151e-02
-3.864682087e-01 -1.389217258e-02 7.580904530e-01
-3.814614428e-01 4.205681433e-01 1.072771162e+00
-3.764546769e-01 -4.597024573e-01 2.652556860e-02
-3.714479110e-01 -4.644730905e-01 2.689642460e-02
-3.664411452e-01 -4.700504471e-01 2.725512491e-02
-3.614343793e-01 -4.756333732e-01 2.758524894e-02
-3.564276134e-01 -4.810839319e-01 2.789167474e-02
-3.514208475e-01 3.882571651e-01 1.071699188e+00
-3.464140816e-01 -5.567881170e-02 7.557882877e-01
-3.414073157e-01 2.253666226e-01 9.511475135e-01
-3.364005499e-01 -5.029433000e-01 2.893076282e-02
-3.313937840e-01 8.034940328e-01 1.312888409e+00
-3.263870181e-01 7.861671206e-01 1.300844658e+00
-3.213802522e-01 -5.197841362e-01 2.967639950e-02
-3.163734863e-01 -5.247199364e-01 2.989627706e-02
-3.113667204e-01 1.901666270e+00 1.761931495e+00
-3.063599546e-01 -4.137845530e-01 3.913278083e-01
-3.013531887e-01 -5.384356196e-01 3.057521113e-02
-2.963464228e-01 -5.435575386e-01 3.077803359e-02
-2.913396569e-01 -5.490067257e-01 3.101565300e-02
-2.863328910e-01 -5.548585551e-01 3.131629346e-02
-2.813261251e-01 -5.605895153e-01 3.155607655e-02
-2.763193592e-01 1.020285970e+00 1.586535718e+00
-2.713125934e-01 -3.796775370e-01 5.077706976e-01
-2.663058275e-01 5.715721983e-01 1.240449385e+00
-2.612990616e-01 -5.815695773e-01 3.250499068e-02
-2.562922957e-01 -5.870296043e-01 3.274438202e-02
-2.512855298e-01 -5.927174375e-01 3.298236999e-02
-2.462787639e-01 7.049121963e-01 1.303812519e+00
-2.412719981e-01 -6.049549733e-01 3.351336232e-02
-2.362652322e-01 1.229404579e-02 9.040170726e-01
-2.312584663e-01 5.627762031e-01 1.240367833e+00
-2.262517004e-01 1.475413891e+00 1.648786147e+00
-2.212449345e-01 6.895838843e-01 1.317510131e+00
-2.162381686e-01 -6.322766965e-01 3.479897591e-02
-2.112314028e-01 -6.371260885e-01 3.507233499e-02
-2.062246369e-01 -6.423329533e-01 3.530573869e-02
-2.012178710e-01 6.523389971e-01 1.300268748e+00
-1.962111051e-01 -6.520461605e-01 3.575691064e-02
-1.912043392e-01 -6.559571157e-01 3.603518198e-02
-1.861975733e-01 -6.590397365e-01 3.623989340e-02
-1.811908075e-01 6.494200180e-01 1.311932824e+00
-1.761840416e-01 -3.731898413e-02 9.042861882e-01
-1.711772757e-01 1.985632417e-01 1.064266861e+00
-1.661705098e-01 -6.740056286e-01 3.713585888e-02
-1.611637439e-01 -6.124727254e-01 3.056616745e-01
-1.561569780e-01 6.374896621e-01 1.352936743e+00
-1.511502122e-01 4.612742500e-01 1.239701678e+00
-1.461434463e-01 -4.979315077e-01 5.076352433e-01
-1.411366804e-01 -6.914714128e-01 3.823629859e-02
-1.361299145e-01 -6.916164070e-01 3.835386180e-02
-1.311231486e-01 -7.635287517e-02 8.926042304e-01
-1.261163827e-01 4.843178995e-01 1.238035251e+00
-1.211096169e-01 1.198340375e-01 1.034245938e+00
-1.161028510e-01 -4.441531407e-01 5.725807885e-01
-1.110960851e-01 1.655256893e+00 1.746626990e+00
-1.060893192e-01 -6.949218705e-01 3.930232166e-02
-1.010825533e-01 -7.004072649e-01 3.965137157e-02
-9.607578743e-02 -7.066990832e-01 3.992868816e-02
-9.106902155e-02 1.059613090e+00 1.539693950e+00
-8.606225567e-02 8.534183305e-01 1.474636716e+00
-8.105548978e-02 -7.282906335e-01 4.094739593e-02
-7.604872390e-02 -7.343627661e-01 4.124191712e-02
-7.104195802e-02 -7.399762650e-01 4.150616514e-02
-6.603519213e-02 -7.455831144e-01 4.183227660e-02
-6.102842625e-02 5.802935526e-01 1.332569132e+00
-5.602166036e-02 1.870268433e+00 1.858127863e+00
-5.101489448e-02 -7.617623463e-01 4.272803561e-02
-4.600812860e-02 1.234565755e+00 1.633948311e+00
-4.100136271e-02 1.959333132e+00 1.893761873e+00
-3.599459683e-02 2.081331517e+01 5.526068128e+00
-3.098783095e-02 6.496853666e+01 9.544090781e+00
-2.598106506e-02 1.608715015e+02 1.495697123e+01
-2.097429918e-02 4.191681896e+02 2.466100869e+01
-1.596753329e-02 9.299262935e+02 3.681064829e+01
-1.096076741e-02 1.788044699e+03 5.139169791e+01
-5.954001527e-03 2.626656184e+03 6.193723867e+01
-9.472356436e-04 3.030382989e+03 6.683862279e+01
4.059530240e-03 2.703108972e+03 6.256496615e+01
9.066296124e-03 1.801639643e+03 5.199082176e+01
1.407306201e-02 8.411994954e+02 3.512095702e+01
1.907982789e-02 2.494734876e+02 1.959700609e+01
2.408659378e-02 4.732795068e+01 8.043979725e+00
2.909335966e-02 7.597926535e+00 3.335885505e+00
3.410012554e-02 1.941845112e+00 1.895259293e+00
3.910689143e-02 4.936228769e+00 2.791907309e+00
4.411365731e-02 1.566523099e+00 1.745272123e+00
4.912042319e-02 1.879260097e+00 1.932656424e+00
5.412718908e-02 1.727373036e+00 1.877420469e+00
5.913395496e-02 5.837026707e+00 2.984839159e+00
6.414072084e-02 5.748211815e-01 1.424834099e+00
6.914748673e-02 3.087476385e+00 2.334222435e+00
7.415425261e-02 1.100395608e+00 1.667674194e+00
7.916101850e-02 9.217059693e-01 1.599081539e+00
8.416778438e-02 3.267129612e+00 2.462251570e+00
8.917455026e-02 1.232865472e+00 1.690105000e+00
9.418131615e-02 -7.987991587e-01 4.151596905e-01
9.918808203e-02 1.250874762e+00 1.715797976e+00
1.041948479e-01 4.098661428e+00 2.580637438e+00
1.092016138e-01 -9.448572430e-01 5.140221171e-02
1.142083797e-01 1.642418853e+00 1.835612184e+00
1.192151456e-01 -9.574298517e-01 5.108609758e-02
1.242219114e-01 -9.636503211e-01 5.139758893e-02
1.292286773e-01 3.593682693e-01 1.331929732e+00
1.342354432e-01 3.639468481e-01 1.345415524e+00
1.392422091e-01 3.574733344e-01 1.348203405e+00
1.442489750e-01 -1.001876695e+00 5.318100690e-02
1.492557409e-01 -6.369971667e-01 7.099059674e-01
1.542625068e-01 1.200797105e+00 1.717595923e+00
1.592692726e-01 -1.038949349e+00 5.490277961e-02
1.642760385e-01 1.030861306e+00 1.590179636e+00
1.692828044e-01 -1.496089162e-01 1.105057803e+00
1.742895703e-01 1.635926372e+00 1.906606231e+00
1.792963362e-01 -1.060118631e+00 5.679365569e-02
1.843031021e-01 -4.626738669e-01 8.710917303e-01
1.893098679e-01 1.110827323e-01 1.241644395e+00
1.943166338e-01 1.533404873e+00 1.889933632e+00
1.993233997e-01 -1.336528139e-01 1.128994329e+00
2.043301656e-01 5.670272305e-01 1.526142829e+00
2.093369315e-01 3.368794660e+00 2.771539676e+00
2.143436974e-01 3.255061997e-01 1.369132154e+00
2.193504632e-01 -6.108135242e-02 1.108664579e+00
2.243572291e-01 -2.480705223e-01 1.130025711e+00
2.293639950e-01 8.198665043e-01 1.660172114e+00
2.343707609e-01 1.138966391e+00 1.787342968e+00
2.393775268e-01 2.357109011e-01 1.657483307e+00
2.443842927e-01 2.106305581e+00 2.368308504e+00
2.493910585e-01 4.327492323e-01 1.562107394e+00
2.543978244e-01 1.402430115e+00 1.902630575e+00
2.594045903e-01 3.475121351e+00 2.522013523e+00
2.644113562e-01 -1.379954282e+00 7.168569759e-02
2.694181221e-01 7.020575758e-01 2.103261682e+00
2.744248880e-01 3.066929971e-01 1.585440260e+00
2.794316538e-01 5.495581036e-02 1.462004621e+00
2.844384197e-01 1.304062179e+00 2.004987601e+00
2.894451856e-01 4.106338538e-01 1.593602951e+00
2.944519515e-01 -3.340938710e-03 1.433121039e+00
2.994587174e-01 2.242893577e+00 2.262546628e+00
3.044654833e-01 1.688162682e+00 2.106623091e+00
3.094722491e-01 -1.312368816e-01 1.429914834e+00
3.144790150e-01 -3.810323308e-01 1.343182924e+00
3.194857809e-01 3.153664977e+00 2.557082649e+00
3.244925468e-01 9.606844585e-01 1.899870715e+00
3.294993127e-01 -1.486998366e+00 5.941893013e-01
3.345060786e-01 9.817555244e-01 1.953209079e+00
3.395128445e-01 -4.463706397e-01 1.370514085e+00
3.445196103e-01 1.367536751e+00 2.070083739e+00
3.495263762e-01 1.221954349e+00 2.081302020e+00
3.545331421e-01 1.316372202e+00 2.121481560e+00
3.595399080e-01 -1.514513217e+00 7.366037816e-01
3.645466739e-01 6.388314944e-01 1.809759429e+00
3.695534398e-01 -1.977810549e+00 9.532272233e-02
3.745602056e-01 -8.825177859e-01 1.228570643e+00
3.795669715e-01 1.771726351e+00 2.274111908e+00
3.845737374e-01 -8.527347980e-01 1.258018696e+00
3.895805033e-01 -9.216998163e-01 1.256366890e+00
3.945872692e-01 -1.582566120e+00 8.914247640e-01
3.995940351e-01 -1.404917393e+00 1.303979959e+00
4.046008009e-01 3.754449783e-02 2.132783686e+00
4.096075668e-01 1.104281720e+00 2.701604745e+00
4.146143327e-01 3.194334192e+00 3.748858303e+00
4.196210986e-01 1.406228609e+00 2.270245056e+00
4.246278645e-01 -2.439497324e+00 1.127685308e-01
4.296346304e-01 1.672023004e+00 2.303709320e+00
4.346413962e-01 -1.848044680e+00 9.329777553e-01
4.396481621e-01 2.975292615e+00 2.743464792e+00
4.446549280e-01 -1.777208607e-01 1.813188881e+00
4.496616939e-01 -1.988102131e+00 9.293576102e-01
4.546684598e-01 1.046046249e-03 1.893591497e+00
4.596752257e-01 -1.572214253e-02 1.922200207e+00
4.646819915e-01 -1.461108759e+00 1.336105984e+00
4.696887574e-01 -2.733512618e+00 4.338828162e-01
4.746955233e-01 8.096518099e+00 4.711983035e+00
4.797022892e-01 6.817781396e-01 2.294305799e+00
4.847090551e-01 -2.867488916e-01 1.935436388e+00
4.897158210e-01 -1.857460594e+00 1.278562483e+00
4.947225868e-01 -2.672792775e+00 7.804949954e-01
4.997293527e-01 1.300330125e-01 2.103294517e+00
5.047361186e-01 -2.036291412e+00 1.262950150e+00
5.097428845e-01 -7.932626904e-01 1.822305936e+00
5.147496504e-01 -2.088336577e+00 1.318042983e+00
5.197564163e-01 -1.111677540e+00 2.158881466e+00
5.247631821e-01 3.134927918e+00 3.059282139e+00
5.297699480e-01 8.277757455e-01 2.691607440e+00
5.347767139e-01 5.781671544e-02 2.278770525e+00
5.397834798e-01 -6.976473727e-01 2.037734333e+00
5.447902457e-01 1.826010421e+00 3.185389145e+00
5.497970116e-01 8.718628684e-02 2.810891728e+00
5.548037775e-01 -3.381354118e+00 1.000586178e+00
5.598105433e-01 -1.137409200e+00 2.124792327e+00
5.648173092e-01 -1.264766192e+00 1.947712079e+00
5.698240751e-01 2.422507051e+00 2.943793821e+00
5.748308410e-01 7.788866246e-01 2.592529536e+00
5.798376069e-01 4.841047214e+00 3.904502782e+00
5.848443728e-01 -3.174938804e-02 2.354321560e+00
5.898511386e-01 -2.789905562e+00 1.443717349e+00
5.948579045e-01 -1.117622213e+00 2.086039435e+00
5.998646704e-01 4.740660910e-01 2.539604674e+00
6.048714363e-01 -9.461702218e-01 2.191866802e+00
6.098782022e-01 1.911328439e-01 2.517862820e+00
6.148849681e-01 -2.455641601e+00 1.787958722e+00
6.198917339e-01 1.871839230e+00 2.971038551e+00
6.248984998e-01 -2.453170264e+00 1.887560879e+00
6.299052657e-01 5.241507564e+00 3.837065866e+00
6.349120316e-01 3.287114514e+00 3.485011714e+00
6.399187975e-01 1.278473411e+00 2.925532184e+00
6.449255634e-01 2.068205044e+00 3.201172096e+00
6.499323292e-01 -2.096025614e+00 2.203769750e+00
6.549390951e-01 -3.943560357e-01 2.761689131e+00
6.599458610e-01 1.609979847e+00 3.169768941e+00
6.649526269e-01 1.625080503e+00 3.177556733e+00
6.699593928e-01 -5.665301542e-01 2.657012865e+00
6.749661587e-01 -4.371917921e-01 2.719209819e+00
6.799729245e-01 1.444051737e+00 3.139032804e+00
6.849796904e-01 3.974221721e+00 3.727680372e+00
6.899864563e-01 -2.045035613e+00 2.459225338e+00
6.949932222e-01 -7.858760809e-01 2.820777790e+00
6.999999881e-01 -1.219309353e+00 2.759325912e+00
