# MSlice Cut of workspace "LET77597_1.05meV_rings"
# Cut axis: DeltaE,-3.0,0.699999988079071,0.004999999888241291
# Integration axis: |Q|,0.6,0.7,0.0
# (Energy Transfer (meV)) (Signal) (Error)
-3.000000000e+00          nan          nan
-2.994993234e+00          nan          nan
-2.989986468e+00          nan          nan
-2.984979702e+00          nan          nan
-2.979972936e+00          nan          nan
-2.974966171e+00          nan          nan
-2.969959405e+00          nan          nan
-2.964952639e+00          nan          nan
-2.959945873e+00          nan          nan
-2.954939107e+00          nan          nan
-2.949932341e+00          nan          nan
-2.944925575e+00          nan          nan
-2.939918809e+00          nan          nan
-2.934912044e+00          nan          nan
-2.929905278e+00          nan          nan
-2.924898512e+00          nan          nan
-2.919891746e+00          nan          nan
-2.914884980e+00          nan          nan
-2.909878214e+00          nan          nan
-2.904871448e+00          nan          nan
-2.899864682e+00          nan          nan
-2.894857916e+00          nan          nan
-2.889851151e+00          nan          nan
-2.884844385e+00          nan          nan
-2.879837619e+00          nan          nan
-2.874830853e+00          nan          nan
-2.869824087e+00          nan          nan
-2.864817321e+00          nan          nan
-2.859810555e+00          nan          nan
-2.854803789e+00          nan          nan
-2.849797023e+00          nan          nan
-2.844790258e+00          nan          nan
-2.839783492e+00          nan          nan
-2.834776726e+00          nan          nan
-2.829769960e+00          nan          nan
-2.824763194e+00          nan          nan
-2.819756428e+00          nan          nan
-2.814749662e+00          nan          nan
-2.809742896e+00          nan          nan
-2.804736131e+00          nan          nan
-2.799729365e+00          nan          nan
-2.794722599e+00          nan          nan
-2.789715833e+00          nan          nan
-2.784709067e+00          nan          nan
-2.779702301e+00          nan          nan
-2.774695535e+00          nan          nan
-2.769688769e+00          nan          nan
-2.764682003e+00          nan          nan
-2.759675238e+00          nan          nan
-2.754668472e+00          nan          nan
-2.749661706e+00          nan          nan
-2.744654940e+00          nan          nan
-2.739648174e+00          nan          nan
-2.734641408e+00          nan          nan
-2.729634642e+00          nan          nan
-2.724627876e+00          nan          nan
-2.719621111e+00          nan          nan
-2.714614345e+00          nan          nan
-2.709607579e+00          nan          nan
-2.704600813e+00          nan          nan
-2.699594047e+00          nan          nan
-2.694587281e+00          nan          nan
-2.689580515e+00          nan          nan
-2.684573749e+00          nan          nan
-2.679566983e+00          nan          nan
-2.674560218e+00          nan          nan
-2.669553452e+00          nan          nan
-2.664546686e+00          nan          nan
-2.659539920e+00          nan          nan
-2.654533154e+00          nan          nan
-2.649526388e+00          nan          nan
-2.644519622e+00          nan          nan
-2.639512856e+00          nan          nan
-2.634506090e+00          nan          nan
-2.629499325e+00          nan          nan
-2.624492559e+00          nan          nan
-2.619485793e+00          nan          nan
-2.614479027e+00          nan          nan
-2.609472261e+00          nan          nan
-2.604465495e+00          nan          nan
-2.599458729e+00          nan          nan
-2.594451963e+00          nan          nan
-2.589445198e+00          nan          nan
-2.584438432e+00          nan          nan
-2.579431666e+00          nan          nan
-2.574424900e+00          nan          nan
-2.569418134e+00          nan          nan
-2.564411368e+00          nan          nan
-2.559404602e+00          nan          nan
-2.554397836e+00          nan          nan
-2.549391070e+00          nan          nan
-2.544384305e+00          nan          nan
-2.539377539e+00          nan          nan
-2.534370773e+00          nan          nan
-2.529364007e+00          nan          nan
-2.524357241e+00          nan          nan
-2.519350475e+00          nan          nan
-2.514343709e+00          nan          nan
-2.509336943e+00          nan          nan
-2.504330178e+00          nan          nan
-2.499323412e+00          nan          nan
-2.494316646e+00          nan          nan
-2.489309880e+00          nan          nan
-2.484303114e+00          nan          nan
-2.479296348e+00          nan          nan
-2.474289582e+00          nan          nan
-2.469282816e+00          nan          nan
-2.464276050e+00          nan          nan
-2.459269285e+00          nan          nan
-2.454262519e+00          nan          nan
-2.449255753e+00          nan          nan
-2.444248987e+00          nan          nan
-2.439242221e+00          nan          nan
-2.434235455e+00          nan          nan
-2.429228689e+00          nan          nan
-2.424221923e+00          nan          nan
-2.419215157e+00          nan          nan
-2.414208392e+00          nan          nan
-2.409201626e+00          nan          nan
-2.404194860e+00          nan          nan
-2.399188094e+00          nan          nan
-2.394181328e+00          nan          nan
-2.389174562e+00          nan          nan
-2.384167796e+00          nan          nan
-2.379161030e+00          nan          nan
-2.374154265e+00          nan          nan
-2.369147499e+00          nan          nan
-2.364140733e+00          nan          nan
-2.359133967e+00          nan          nan
-2.354127201e+00          nan          nan
-2.349120435e+00          nan          nan
-2.344113669e+00          nan          nan
-2.339106903e+00          nan          nan
-2.334100137e+00          nan          nan
-2.329093372e+00          nan          nan
-2.324086606e+00          nan          nan
-2.319079840e+00          nan          nan
-2.314073074e+00          nan          nan
-2.309066308e+00          nan          nan
-2.304059542e+00          nan          nan
-2.299052776e+00          nan          nan
-2.294046010e+00          nan          nan
-2.289039245e+00          nan          nan
-2.284032479e+00          nan          nan
-2.279025713e+00          nan          nan
-2.274018947e+00          nan          nan
-2.269012181e+00          nan          nan
-2.264005415e+00          nan          nan
-2.258998649e+00          nan          nan
-2.253991883e+00          nan          nan
-2.248985117e+00          nan          nan
-2.243978352e+00          nan          nan
-2.238971586e+00          nan          nan
-2.233964820e+00          nan          nan
-2.228958054e+00          nan          nan
-2.223951288e+00          nan          nan
-2.218944522e+00          nan          nan
-2.213937756e+00          nan          nan
-2.208930990e+00          nan          nan
-2.203924224e+00          nan          nan
-2.198917459e+00          nan          nan
-2.193910693e+00          nan          nan
-2.188903927e+00          nan          nan
-2.183897161e+00          nan          nan
-2.178890395e+00          nan          nan
-2.173883629e+00          nan          nan
-2.168876863e+00          nan          nan
-2.163870097e+00          nan          nan
-2.158863332e+00          nan          nan
-2.153856566e+00          nan          nan
-2.148849800e+00          nan          nan
-2.143843034e+00          nan          nan
-2.138836268e+00          nan          nan
-2.133829502e+00          nan          nan
-2.128822736e+00          nan          nan
-2.123815970e+00          nan          nan
-2.118809204e+00          nan          nan
-2.113802439e+00          nan          nan
-2.108795673e+00          nan          nan
-2.103788907e+00          nan          nan
-2.098782141e+00          nan          nan
-2.093775375e+00          nan          nan
-2.088768609e+00          nan          nan
-2.083761843e+00          nan          nan
-2.078755077e+00          nan          nan
-2.073748312e+00          nan          nan
-2.068741546e+00          nan          nan
-2.063734780e+00          nan          nan
-2.058728014e+00          nan          nan
-2.053721248e+00          nan          nan
-2.048714482e+00          nan          nan
-2.043707716e+00          nan          nan
-2.038700950e+00          nan          nan
-2.033694184e+00          nan          nan
-2.028687419e+00          nan          nan
-2.023680653e+00          nan          nan
-2.018673887e+00          nan          nan
-2.013667121e+00          nan          nan
-2.008660355e+00          nan          nan
-2.003653589e+00          nan          nan
-1.998646823e+00          nan          nan
-1.993640057e+00          nan          nan
-1.988633291e+00          nan          nan
-1.983626526e+00          nan          nan
-1.978619760e+00          nan          nan
-1.973612994e+00          nan          nan
-1.968606228e+00          nan          nan
-1.963599462e+00          nan          nan
-1.958592696e+00          nan          nan
-1.953585930e+00          nan          nan
-1.948579164e+00          nan          nan
-1.943572399e+00          nan          nan
-1.938565633e+00          nan          nan
-1.933558867e+00          nan          nan
-1.928552101e+00          nan          nan
-1.923545335e+00          nan          nan
-1.918538569e+00          nan          nan
-1.913531803e+00          nan          nan
-1.908525037e+00          nan          nan
-1.903518271e+00          nan          nan
-1.898511506e+00          nan          nan
-1.893504740e+00          nan          nan
-1.888497974e+00          nan          nan
-1.883491208e+00          nan          nan
-1.878484442e+00          nan          nan
-1.873477676e+00          nan          nan
-1.868470910e+00          nan          nan
-1.863464144e+00          nan          nan
-1.858457379e+00          nan          nan
-1.853450613e+00          nan          nan
-1.848443847e+00          nan          nan
-1.843437081e+00          nan          nan
-1.838430315e+00          nan          nan
-1.833423549e+00          nan          nan
-1.828416783e+00          nan          nan
-1.823410017e+00          nan          nan
-1.818403251e+00          nan          nan
-1.813396486e+00          nan          nan
-1.808389720e+00          nan          nan
-1.803382954e+00          nan          nan
-1.798376188e+00          nan          nan
-1.793369422e+00          nan          nan
-1.788362656e+00          nan          nan
-1.783355890e+00          nan          nan
-1.778349124e+00          nan          nan
-1.773342358e+00          nan          nan
-1.768335593e+00          nan          nan
-1.763328827e+00          nan          nan
-1.758322061e+00          nan          nan
-1.753315295e+00          nan          nan
-1.748308529e+00          nan          nan
-1.743301763e+00          nan          nan
-1.738294997e+00          nan          nan
-1.733288231e+00          nan          nan
-1.728281466e+00          nan          nan
-1.723274700e+00          nan          nan
-1.718267934e+00          nan          nan
-1.713261168e+00          nan          nan
-1.708254402e+00          nan          nan
-1.703247636e+00          nan          nan
-1.698240870e+00          nan          nan
-1.693234104e+00          nan          nan
-1.688227338e+00          nan          nan
-1.683220573e+00          nan          nan
-1.678213807e+00          nan          nan
-1.673207041e+00          nan          nan
-1.668200275e+00          nan          nan
-1.663193509e+00          nan          nan
-1.658186743e+00          nan          nan
-1.653179977e+00          nan          nan
-1.648173211e+00          nan          nan
-1.643166446e+00          nan          nan
-1.638159680e+00          nan          nan
-1.633152914e+00          nan          nan
-1.628146148e+00          nan          nan
-1.623139382e+00          nan          nan
-1.618132616e+00          nan          nan
-1.613125850e+00          nan          nan
-1.608119084e+00          nan          nan
-1.603112318e+00          nan          nan
-1.598105553e+00          nan          nan
-1.593098787e+00          nan          nan
-1.588092021e+00          nan          nan
-1.583085255e+00          nan          nan
-1.578078489e+00          nan          nan
-1.573071723e+00          nan          nan
-1.568064957e+00          nan          nan
-1.563058191e+00          nan          nan
-1.558051425e+00          nan          nan
-1.553044660e+00          nan          nan
-1.548037894e+00          nan          nan
-1.543031128e+00          nan          nan
-1.538024362e+00          nan          nan
-1.533017596e+00          nan          nan
-1.528010830e+00          nan          nan
-1.523004064e+00          nan          nan
-1.517997298e+00          nan          nan
-1.512990533e+00          nan          nan
-1.507983767e+00          nan          nan
-1.502977001e+00          nan          nan
-1.497970235e+00          nan          nan
-1.492963469e+00          nan          nan
-1.487956703e+00          nan          nan
-1.482949937e+00          nan          nan
-1.477943171e+00          nan          nan
-1.472936405e+00          nan          nan
-1.467929640e+00          nan          nan
-1.462922874e+00          nan          nan
-1.457916108e+00          nan          nan
-1.452909342e+00          nan          nan
-1.447902576e+00          nan          nan
-1.442895810e+00          nan          nan
-1.437889044e+00          nan          nan
-1.432882278e+00          nan          nan
-1.427875513e+00          nan          nan
-1.422868747e+00          nan          nan
-1.417861981e+00          nan          nan
-1.412855215e+00          nan          nan
-1.407848449e+00          nan          nan
-1.402841683e+00          nan          nan
-1.397834917e+00          nan          nan
-1.392828151e+00          nan          nan
-1.387821385e+00          nan          nan
-1.382814620e+00          nan          nan
-1.377807854e+00          nan          nan
-1.372801088e+00          nan          nan
-1.367794322e+00          nan          nan
-1.362787556e+00          nan          nan
-1.357780790e+00          nan          nan
-1.352774024e+00          nan          nan
-1.347767258e+00          nan          nan
-1.342760492e+00          nan          nan
-1.337753727e+00          nan          nan
-1.332746961e+00          nan          nan
-1.327740195e+00          nan          nan
-1.322733429e+00          nan          nan
-1.317726663e+00          nan          nan
-1.312719897e+00          nan          nan
-1.307713131e+00          nan          nan
-1.302706365e+00          nan          nan
-1.297699600e+00          nan          nan
-1.292692834e+00          nan          nan
-1.287686068e+00          nan          nan
-1.282679302e+00          nan          nan
-1.277672536e+00          nan          nan
-1.272665770e+00          nan          nan
-1.267659004e+00          nan          nan
-1.262652238e+00          nan          nan
-1.257645472e+00          nan          nan
-1.252638707e+00          nan          nan
-1.247631941e+00          nan          nan
-1.242625175e+00          nan          nan
-1.237618409e+00          nan          nan
-1.232611643e+00          nan          nan
-1.227604877e+00          nan          nan
-1.222598111e+00          nan          nan
-1.217591345e+00          nan          nan
-1.212584580e+00          nan          nan
-1.207577814e+00          nan          nan
-1.202571048e+00          nan          nan
-1.197564282e+00          nan          nan
-1.192557516e+00          nan          nan
-1.187550750e+00          nan          nan
-1.182543984e+00          nan          nan
-1.177537218e+00          nan          nan
-1.172530452e+00          nan          nan
-1.167523687e+00          nan          nan
-1.162516921e+00          nan          nan
-1.157510155e+00          nan          nan
-1.152503389e+00          nan          nan
-1.147496623e+00          nan          nan
-1.142489857e+00          nan          nan
-1.137483091e+00          nan          nan
-1.132476325e+00          nan          nan
-1.127469559e+00          nan          nan
-1.122462794e+00          nan          nan
-1.117456028e+00          nan          nan
-1.112449262e+00          nan          nan
-1.107442496e+00          nan          nan
-1.102435730e+00          nan          nan
-1.097428964e+00          nan          nan
-1.092422198e+00          nan          nan
-1.087415432e+00          nan          nan
-1.082408667e+00          nan          nan
-1.077401901e+00          nan          nan
-1.072395135e+00          nan          nan
-1.067388369e+00          nan          nan
-1.062381603e+00          nan          nan
-1.057374837e+00          nan          nan
-1.052368071e+00          nan          nan
-1.047361305e+00          nan          nan
-1.042354539e+00          nan          nan
-1.037347774e+00          nan          nan
-1.032341008e+00          nan          nan
-1.027334242e+00          nan          nan
-1.022327476e+00          nan          nan
-1.017320710e+00          nan          nan
-1.012313944e+00          nan          nan
-1.007307178e+00          nan          nan
-1.002300412e+00          nan          nan
-9.972936465e-01          nan          nan
-9.922868806e-01          nan          nan
-9.872801147e-01          nan          nan
-9.822733489e-01          nan          nan
-9.772665830e-01          nan          nan
-9.722598171e-01          nan          nan
-9.672530512e-01          nan          nan
-9.622462853e-01          nan          nan
-9.572395194e-01          nan          nan
-9.522327536e-01          nan          nan
-9.472259877e-01          nan          nan
-9.422192218e-01          nan          nan
-9.372124559e-01          nan          nan
-9.322056900e-01          nan          nan
-9.271989241e-01          nan          nan
-9.221921583e-01          nan          nan
-9.171853924e-01          nan          nan
-9.121786265e-01          nan          nan
-9.071718606e-01          nan          nan
-9.021650947e-01          nan          nan
-8.971583288e-01          nan          nan
-8.921515629e-01          nan          nan
-8.871447971e-01          nan          nan
-8.821380312e-01          nan          nan
-8.771312653e-01          nan          nan
-8.721244994e-01          nan          nan
-8.671177335e-01          nan          nan
-8.621109676e-01          nan          nan
-8.571042018e-01          nan          nan
-8.520974359e-01          nan          nan
-8.470906700e-01          nan          nan
-8.420839041e-01          nan          nan
-8.370771382e-01 -2.349807266e-01 1.205711753e-02
-8.320703723e-01 -2.354352843e-01 1.212449909e-02
-8.270636065e-01 -2.358781100e-01 1.219108986e-02
-8.220568406e-01 -2.363231457e-01 1.225817008e-02
-8.170500747e-01 7.178717421e-01 9.547219930e-01
-8.120433088e-01 -2.372362414e-01 1.239809874e-02
-8.070365429e-01 -2.355722317e-01 3.716019617e-02
-8.020297770e-01 -2.377293615e-01 1.598423149e-02
-7.970230112e-01 -2.385934227e-01 1.262822395e-02
-7.920162453e-01 -2.393042126e-01 1.270434496e-02
-7.870094794e-01 6.736573742e-01 9.363540713e-01
-7.820027135e-01 -1.950868587e-01 2.097192325e-01
-7.769959476e-01 4.521648474e-01 8.535683104e-01
-7.719891817e-01 -2.274179253e-02 4.828198149e-01
-7.669824159e-01 -2.433625585e-01 1.313400519e-02
-7.619756500e-01 -2.444061930e-01 1.322966477e-02
-7.569688841e-01 -2.454576624e-01 1.332609975e-02
-7.519621182e-01 -2.465170535e-01 1.342331799e-02
-7.469553523e-01 1.175721134e+00 1.214131882e+00
-7.419485864e-01 1.567483788e+00 1.431131633e+00
-7.369418206e-01 -2.500890059e-01 1.372595631e-02
-7.319350547e-01 -2.518238171e-01 1.385515909e-02
-7.269282888e-01 -2.535683859e-01 1.398553341e-02
-7.219215229e-01 -2.553293104e-01 1.411702657e-02
-7.169147570e-01 -2.571067811e-01 1.424965090e-02
-7.119079911e-01 8.347718986e-01 1.093771650e+00
-7.069012253e-01 -2.609232099e-01 1.450547914e-02
-7.018944594e-01 -2.628951855e-01 1.463100381e-02
-6.968876935e-01 -2.646939097e-01 1.476540163e-02
-6.918809276e-01 1.029241257e+00 1.295837048e+00
-6.868741617e-01 5.428638033e-01 8.113459225e-01
-6.818673958e-01 -2.702133992e-01 1.517718300e-02
-6.768606299e-01 1.002429262e+00 1.274878635e+00
-6.718538641e-01 -2.753571096e-01 1.547103946e-02
-6.668470982e-01 -2.782977179e-01 1.564932029e-02
-6.618403323e-01 -2.812242811e-01 1.583195698e-02
-6.568335664e-01 -2.841825847e-01 1.601616337e-02
-6.518268005e-01 -2.871730179e-01 1.620196002e-02
-6.468200346e-01 -2.902008206e-01 1.638956904e-02
-6.418132688e-01 -2.938575045e-01 1.659589836e-02
-6.368065029e-01 -2.976947673e-01 1.681359911e-02
-6.317997370e-01 -3.013208480e-01 1.705430170e-02
-6.267929711e-01 -3.050352849e-01 1.729953035e-02
-6.217862052e-01 -3.087448417e-01 1.754398800e-02
-6.167794393e-01 4.564073105e-01 9.099593764e-01
-6.117726735e-01 3.120249404e+00 1.901383947e+00
-6.067659076e-01 -3.199462686e-01 1.826347255e-02
-6.017591417e-01 2.464322757e-01 8.698387773e-01
-5.967523758e-01 4.339455379e-01 1.005003757e+00
-5.917456099e-01 -3.284179852e-01 1.891828711e-02
-5.867388440e-01 -3.312298842e-01 1.914182097e-02
-5.817320782e-01 1.222358719e+00 1.556551120e+00
-5.767253123e-01 -3.367340375e-01 1.957521485e-02
-5.717185464e-01 -3.390073723e-01 1.974941880e-02
-5.667117805e-01 -3.405301613e-01 1.990677365e-02
-5.617050146e-01 -3.419923337e-01 2.006582718e-02
-5.566982487e-01 -3.434652199e-01 2.022639969e-02
-5.516914829e-01 -3.449489445e-01 2.038850889e-02
-5.466847170e-01 -3.464759759e-01 2.054926077e-02
-5.416779511e-01 -3.481966060e-01 2.069460248e-02
-5.366711852e-01 1.029096720e+00 1.265186055e+00
-5.316644193e-01 1.720426132e+00 1.547669155e+00
-5.266576534e-01 -3.542110186e-01 2.118774273e-02
-5.216508876e-01 -3.563885102e-01 2.136800692e-02
-5.166441217e-01 -3.585212028e-01 2.154584420e-02
-5.116373558e-01 1.598468438e+00 1.959033098e+00
-5.066305899e-01 1.645562964e+00 1.589168555e+00
-5.016238240e-01 1.396103164e+00 1.506541388e+00
-4.966170581e-01 -3.658567466e-01 2.218048923e-02
-4.916102922e-01 -3.676424728e-01 2.235104725e-02
-4.866035264e-01 4.244969102e-02 8.444336188e-01
-4.815967605e-01 9.459097138e-01 1.509118578e+00
-4.765899946e-01 2.921551420e-01 8.259940748e-01
-4.715832287e-01 -3.743555650e-01 2.297522969e-02
-4.665764628e-01 -3.754204409e-01 2.313932624e-02
-4.615696969e-01 -3.763265943e-01 2.328690095e-02
-4.565629311e-01 -3.772363967e-01 2.343583199e-02
-4.515561652e-01 -3.781008417e-01 2.358115504e-02
-4.465493993e-01 -3.785176680e-01 2.368155359e-02
-4.415426334e-01 1.437138939e-01 8.470695619e-01
-4.365358675e-01 2.135802418e+00 1.985342744e+00
-4.315291016e-01 -3.814436836e-01 2.411800534e-02
-4.265223358e-01 -3.835666734e-01 2.429566931e-02
-4.215155699e-01 -3.857089783e-01 2.447501963e-02
-4.165088040e-01 -3.878455018e-01 2.463327186e-02
-4.115020381e-01 6.608337406e-01 1.168050384e+00
-4.064952722e-01 4.749773935e-01 9.936205164e-01
-4.014885063e-01 1.218432357e+00 1.612723409e+00
-3.964817405e-01 2.880502981e-01 9.452920285e-01
-3.914749746e-01 1.584637067e+00 1.632005627e+00
-3.864682087e-01 -3.995252298e-01 2.565323098e-02
-3.814614428e-01 -1.214273207e-01 5.751304966e-01
-3.764546769e-01 4.911027687e-01 1.026208791e+00
-3.714479110e-01 -2.449567472e-01 5.355518840e-01
-3.664411452e-01 2.841087318e+00 2.395385003e+00
-3.614343793e-01 6.440682928e-01 1.143265070e+00
-3.564276134e-01 4.192772484e-01 1.123863451e+00
-3.514208475e-01 -4.221091021e-01 2.713050231e-02
-3.464140816e-01 1.225458801e+00 1.652425497e+00
-3.414073157e-01 -4.315636563e-01 2.762276616e-02
-3.364005499e-01 1.204667309e+00 1.641374395e+00
-3.313937840e-01 4.323811089e-01 1.160105000e+00
-3.263870181e-01 1.870110647e+00 1.889960358e+00
-3.213802522e-01 2.573006617e-01 1.039996430e+00
-3.163734863e-01 7.848762216e-01 1.308619384e+00
-3.113667204e-01 9.410601946e-01 1.406603639e+00
-3.063599546e-01 -4.707513274e-01 2.960811667e-02
-3.013531887e-01 -4.763334337e-01 2.990111704e-02
-2.963464228e-01 -4.819257128e-01 3.022830121e-02
-2.913396569e-01 1.311369782e+00 1.798309109e+00
-2.863328910e-01 -4.911070705e-01 3.069563901e-02
-2.813261251e-01 -3.266652856e-02 8.014556344e-01
-2.763193592e-01 4.261785806e-01 1.132941987e+00
-2.713125934e-01 -5.019984174e-01 3.140473070e-02
-2.663058275e-01 -5.055531914e-01 3.165315120e-02
-2.612990616e-01 1.458705435e+00 2.017536631e+00
-2.562922957e-01 1.646452041e+00 2.111334322e+00
-2.512855298e-01 -5.187851102e-01 3.239207805e-02
-2.462787639e-01 -5.237182513e-01 3.267611822e-02
-2.412719981e-01 -5.287327902e-01 3.296617280e-02
-2.362652322e-01 1.540207371e+00 2.074283221e+00
-2.312584663e-01 1.173255536e+00 1.657869600e+00
-2.262517004e-01 -5.457607257e-01 3.387619763e-02
-2.212449345e-01 -2.792467223e-01 6.273641377e-01
-2.162381686e-01 6.011843330e-01 1.290966794e+00
-2.112314028e-01 -5.673537304e-01 3.487213424e-02
-2.062246369e-01 2.206579146e+00 2.071841588e+00
-2.012178710e-01 1.132643359e+00 1.573703021e+00
-1.962111051e-01 1.035608583e+00 1.627136241e+00
-1.912043392e-01 -6.006921706e-01 3.634210200e-02
-1.861975733e-01 -6.096409232e-01 3.674381752e-02
-1.811908075e-01 -6.184286970e-01 3.714379789e-02
-1.761840416e-01 -6.273366445e-01 3.754844040e-02
-1.711772757e-01 -6.362851386e-01 3.795076436e-02
-1.661705098e-01 1.070576500e+00 1.715387171e+00
-1.611637439e-01 -6.522196720e-01 3.858342747e-02
-1.561569780e-01 8.326871732e-01 1.529055211e+00
-1.511502122e-01 -5.904339737e-01 3.442025533e-01
-1.461434463e-01 1.953537543e+00 1.978352676e+00
-1.411366804e-01 -3.335478509e-01 7.050116425e-01
-1.361299145e-01 -6.831521550e-01 4.027150337e-02
-1.311231486e-01 -6.894004976e-01 4.053902743e-02
-1.261163827e-01 -6.952522111e-01 4.085540262e-02
-1.211096169e-01 -5.142784946e-01 5.206165031e-01
-1.161028510e-01 5.156603237e-02 1.071694481e+00
-1.110960851e-01 2.217187986e+00 2.175755617e+00
-1.060893192e-01 -7.138028493e-01 4.211522701e-02
-1.010825533e-01 -7.190205189e-01 4.236836021e-02
-9.607578743e-02 1.830578562e-01 1.147646800e+00
-9.106902155e-02 4.960120636e-01 1.453317045e+00
-8.606225567e-02 1.376919902e+00 1.866700951e+00
-8.105548978e-02 1.543683003e+00 1.905051383e+00
-7.604872390e-02 1.424465119e+00 1.844653908e+00
-7.104195802e-02 8.572462015e-01 1.623546980e+00
-6.603519213e-02 1.161772278e+00 1.743040726e+00
-6.102842625e-02 6.925170607e-01 1.557122615e+00
-5.602166036e-02 4.694638931e-01 1.369020185e+00
-5.101489448e-02 -8.069661701e-01 4.664653229e-02
-4.600812860e-02 8.304890583e-01 1.648517457e+00
-4.100136271e-02 4.639606696e+00 3.111015654e+00
-3.599459683e-02 2.011455720e+01 5.890219539e+00
-3.098783095e-02 7.281189511e+01 1.116812036e+01
-2.598106506e-02 1.810595407e+02 1.759553534e+01
-2.097429918e-02 4.585714292e+02 2.785946222e+01
-1.596753329e-02 1.121618344e+03 4.366826733e+01
-1.096076741e-02 1.938359894e+03 5.724107997e+01
-5.954001527e-03 2.784818900e+03 6.863026812e+01
-9.472356436e-04 3.207447386e+03 7.359851781e+01
4.059530240e-03 2.421072671e+03 6.375474148e+01
9.066296124e-03 1.462674586e+03 4.941345776e+01
1.407306201e-02 4.871642973e+02 2.870894347e+01
1.907982789e-02 9.425013089e+01 1.267672954e+01
2.408659378e-02 1.787272002e+01 5.646022452e+00
2.909335966e-02 1.061671658e+01 4.465013015e+00
3.410012554e-02 1.707220111e+00 2.122051967e+00
3.910689143e-02 -5.585645712e-01 8.133541793e-01
4.411365731e-02 2.183925489e+00 2.435835728e+00
4.912042319e-02 1.897163800e+00 2.161313532e+00
5.412718908e-02 2.055897576e+00 2.202281775e+00
5.913395496e-02 6.314794301e-01 1.586865931e+00
6.414072084e-02 -1.004198826e+00 5.551636622e-02
6.914748673e-02 4.224807604e+00 2.976221234e+00
7.415425261e-02 3.436173922e+00 2.667423902e+00
7.916101850e-02 3.248234699e-01 1.479842962e+00
8.416778438e-02 6.051687868e-01 1.660057760e+00
8.917455026e-02 -8.990522293e-01 5.104784583e-01
9.418131615e-02 1.197081956e+00 1.875911220e+00
9.918808203e-02 2.629167636e-01 1.502035540e+00
1.041948479e-01 6.918061963e-01 1.792117846e+00
1.092016138e-01 3.569481133e+00 2.704319313e+00
1.142083797e-01 2.316141218e+00 2.414578613e+00
1.192151456e-01 -6.018204931e-01 9.969194564e-01
1.242219114e-01 -1.085424474e+00 3.771850653e-01
1.292286773e-01 4.544181559e+00 3.043374702e+00
1.342354432e-01 2.603132674e+00 2.465344097e+00
1.392422091e-01 2.822517694e-01 1.564591021e+00
1.442489750e-01 6.655114143e-01 1.766252074e+00
1.492557409e-01 1.579317106e+00 2.093178825e+00
1.542625068e-01 1.607552945e+00 2.154406318e+00
1.592692726e-01 1.766087827e+00 2.170019242e+00
1.642760385e-01 -9.139607317e-01 7.620799062e-01
1.692828044e-01 1.181325566e+00 2.009742955e+00
1.742895703e-01 1.026037136e+00 1.926512190e+00
1.792963362e-01 1.306155634e+00 2.105048651e+00
1.843031021e-01 -2.738052725e-01 1.298330771e+00
1.893098679e-01 2.364484807e+00 2.465405281e+00
1.943166338e-01 -9.288952237e-01 8.445386005e-01
1.993233997e-01 7.536689555e-01 1.851093096e+00
2.043301656e-01 5.586974022e+00 3.329819017e+00
2.093369315e-01 9.963867929e-01 2.074037008e+00
2.143436974e-01 2.791115208e-01 1.741354640e+00
2.193504632e-01 9.689033362e-02 1.581189474e+00
2.243572291e-01 2.348001166e+00 2.473580393e+00
2.293639950e-01 -6.245380692e-01 1.197892422e+00
2.343707609e-01 -1.551990418e+00 7.909167591e-02
2.393775268e-01 -8.956247993e-01 1.044215432e+00
2.443842927e-01 9.249313514e-01 2.018070564e+00
2.493910585e-01 -1.627834070e+00 8.213615326e-02
2.543978244e-01 -1.653587590e+00 8.321114677e-02
2.594045903e-01 -1.603665447e+00 3.588624240e-01
2.644113562e-01 1.405906349e+00 2.257246804e+00
2.694181221e-01 -1.422839168e+00 7.138824192e-01
2.744248880e-01 2.682659176e+00 2.660786242e+00
2.794316538e-01 1.975934562e-01 1.783081614e+00
2.844384197e-01 -1.429082227e+00 7.882447942e-01
2.894451856e-01 1.263705075e-02 1.730865084e+00
2.944519515e-01 2.064680234e+00 2.515002697e+00
2.994587174e-01 -8.656588646e-01 1.284536256e+00
3.044654833e-01 -1.895789060e+00 9.351291694e-02
3.094722491e-01 1.420895437e+00 2.364179609e+00
3.144790150e-01 -3.498792771e-01 1.591452209e+00
3.194857809e-01 -1.958859249e+00 9.708131123e-02
3.244925468e-01 -3.700894211e-01 1.611167409e+00
3.294993127e-01 -1.998727801e+00 9.867782229e-02
3.345060786e-01 -4.218858634e-01 1.600826404e+00
3.395128445e-01 2.254090098e+00 2.664921397e+00
3.445196103e-01 3.037094744e-01 1.960004938e+00
3.495263762e-01 -1.011504946e+00 1.330550093e+00
3.545331421e-01 3.912667973e-02 1.878150688e+00
3.595399080e-01 -1.909113782e+00 6.672841032e-01
3.645466739e-01 1.059562027e+00 2.331018150e+00
3.695534398e-01 8.319868587e-01 2.219374757e+00
3.745602056e-01 -1.142691386e+00 1.469490462e+00
3.795669715e-01 3.462129994e+00 3.073982173e+00
3.845737374e-01 -4.537765597e-01 1.789153560e+00
3.895805033e-01 -1.832499344e+00 9.878018361e-01
3.945872692e-01 -1.646736974e+00 1.121676775e+00
3.995940351e-01 2.229444721e+00 2.760670435e+00
4.046008009e-01 1.132222786e-01 2.067891229e+00
4.096075668e-01 -9.506972312e-01 1.610557639e+00
4.146143327e-01 -8.088494741e-01 1.717042606e+00
4.196210986e-01 -1.148536042e+00 1.581035840e+00
4.246278645e-01 -1.148390965e+00 1.667425045e+00
4.296346304e-01 -1.122655520e-01 2.072689239e+00
4.346413962e-01 1.133204200e+00 2.561739263e+00
4.396481621e-01 2.820966847e-01 2.323700273e+00
4.446549280e-01 4.243073991e-01 2.321814533e+00
4.496616939e-01 1.625505882e+00 2.729555749e+00
4.546684598e-01 -6.005807254e-01 1.978472426e+00
4.596752257e-01 1.010947624e-01 2.290536662e+00
4.646819915e-01 1.906642845e-01 2.507757116e+00
4.696887574e-01 -6.546312667e-01 2.050625564e+00
4.746955233e-01 -3.222641651e+00 1.535054714e-01
4.797022892e-01 2.833922241e-01 2.447853356e+00
4.847090551e-01 -2.541305881e+00 1.181204883e+00
4.897158210e-01 -3.519131473e-01 2.253579548e+00
4.947225868e-01 -1.815647227e+00 1.650518068e+00
4.997293527e-01 -3.147065616e-01 2.300735451e+00
5.047361186e-01 3.041948190e-01 2.703950887e+00
5.097428845e-01 2.558757792e-01 2.542834755e+00
5.147496504e-01 -8.963837309e-01 2.164027397e+00
5.197564163e-01 -1.836737619e+00 1.798877683e+00
5.247631821e-01 7.680061286e-01 2.768351990e+00
5.297699480e-01 7.143001805e-01 2.781513375e+00
5.347767139e-01 -2.358235513e+00 1.666336467e+00
5.397834798e-01 2.044862535e+00 3.187629821e+00
5.447902457e-01 -1.943894621e+00 2.066070119e+00
5.497970116e-01 -9.132092243e-01 2.489798394e+00
5.548037775e-01 1.170999115e+00 3.110010739e+00
5.598105433e-01 -2.347581373e+00 1.955126159e+00
5.648173092e-01 -4.033696047e+00 9.134818634e-01
5.698240751e-01 2.041392676e+00 3.373640821e+00
5.748308410e-01 1.779566211e+00 3.440500759e+00
5.798376069e-01 -1.648798840e+00 2.300492434e+00
5.848443728e-01 2.543951616e+00 3.599160871e+00
5.898511386e-01 -2.302369521e+00 2.131860826e+00
5.948579045e-01 3.425923309e+00 3.784532828e+00
5.998646704e-01 2.949277726e-01 3.164330930e+00
6.048714363e-01 3.082963958e+00 3.879227270e+00
6.098782022e-01 2.849198900e+00 3.883344727e+00
6.148849681e-01 7.793901160e-01 3.444347394e+00
6.198917339e-01 -1.481747159e+00 3.017316654e+00
6.248984998e-01 -1.407946305e+00 2.816506267e+00
6.299052657e-01 -2.273667955e+00 2.954026508e+00
6.349120316e-01 -4.663551358e-01 3.515725448e+00
6.399187975e-01 -9.277648410e-01 3.093871900e+00
6.449255634e-01 -8.017991371e-01 3.521488589e+00
6.499323292e-01 -1.651115773e+00 3.347030476e+00
6.549390951e-01 7.924814695e+00 5.237956484e+00
6.599458610e-01 1.798799481e+00 4.128410491e+00
6.649526269e-01 -2.578199394e+00 2.898787466e+00
6.699593928e-01 -1.590638243e+00 3.197174878e+00
6.749661587e-01 3.854662082e+00 4.431949587e+00
6.799729245e-01 4.567583245e+00 4.689328158e+00
6.849796904e-01 2.193991436e-01 3.853763360e+00
6.899864563e-01 1.434456265e+00 4.123127650e+00
6.949932222e-01 -3.685294719e+00 3.060140067e+00
6.999999881e-01 -4.797905437e+00 2.675433631e+00
