# MSlice Cut of workspace "LET77597_1.05meV_rings"
# Cut axis: DeltaE,-3.0,0.699999988079071,0.004999999888241291
# Integration axis: |Q|,0.5,0.6,0.0
# (Energy Transfer (meV)) (Signal) (Error)
-3.000000000e+00          nan          nan
-2.994993234e+00          nan          nan
-2.989986468e+00          nan          nan
-2.984979702e+00          nan          nan
-2.979972936e+00          nan          nan
-2.974966171e+00          nan          nan
-2.969959405e+00          nan          nan
-2.964952639e+00          nan          nan
-2.959945873e+00          nan          nan
-2.954939107e+00          nan          nan
-2.949932341e+00          nan          nan
-2.944925575e+00          nan          nan
-2.939918809e+00          nan          nan
-2.934912044e+00          nan          nan
-2.929905278e+00          nan          nan
-2.924898512e+00          nan          nan
-2.919891746e+00          nan          nan
-2.914884980e+00          nan          nan
-2.909878214e+00          nan          nan
-2.904871448e+00          nan          nan
-2.899864682e+00          nan          nan
-2.894857916e+00          nan          nan
-2.889851151e+00          nan          nan
-2.884844385e+00          nan          nan
-2.879837619e+00          nan          nan
-2.874830853e+00          nan          nan
-2.869824087e+00          nan          nan
-2.864817321e+00          nan          nan
-2.859810555e+00          nan          nan
-2.854803789e+00          nan          nan
-2.849797023e+00          nan          nan
-2.844790258e+00          nan          nan
-2.839783492e+00          nan          nan
-2.834776726e+00          nan          nan
-2.829769960e+00          nan          nan
-2.824763194e+00          nan          nan
-2.819756428e+00          nan          nan
-2.814749662e+00          nan          nan
-2.809742896e+00          nan          nan
-2.804736131e+00          nan          nan
-2.799729365e+00          nan          nan
-2.794722599e+00          nan          nan
-2.789715833e+00          nan          nan
-2.784709067e+00          nan          nan
-2.779702301e+00          nan          nan
-2.774695535e+00          nan          nan
-2.769688769e+00          nan          nan
-2.764682003e+00          nan          nan
-2.759675238e+00          nan          nan
-2.754668472e+00          nan          nan
-2.749661706e+00          nan          nan
-2.744654940e+00          nan          nan
-2.739648174e+00          nan          nan
-2.734641408e+00          nan          nan
-2.729634642e+00          nan          nan
-2.724627876e+00          nan          nan
-2.719621111e+00          nan          nan
-2.714614345e+00          nan          nan
-2.709607579e+00          nan          nan
-2.704600813e+00          nan          nan
-2.699594047e+00          nan          nan
-2.694587281e+00          nan          nan
-2.689580515e+00          nan          nan
-2.684573749e+00          nan          nan
-2.679566983e+00          nan          nan
-2.674560218e+00          nan          nan
-2.669553452e+00          nan          nan
-2.664546686e+00          nan          nan
-2.659539920e+00          nan          nan
-2.654533154e+00          nan          nan
-2.649526388e+00          nan          nan
-2.644519622e+00          nan          nan
-2.639512856e+00          nan          nan
-2.634506090e+00          nan          nan
-2.629499325e+00          nan          nan
-2.624492559e+00          nan          nan
-2.619485793e+00          nan          nan
-2.614479027e+00          nan          nan
-2.609472261e+00          nan          nan
-2.604465495e+00          nan          nan
-2.599458729e+00          nan          nan
-2.594451963e+00          nan          nan
-2.589445198e+00          nan          nan
-2.584438432e+00          nan          nan
-2.579431666e+00          nan          nan
-2.574424900e+00          nan          nan
-2.569418134e+00          nan          nan
-2.564411368e+00          nan          nan
-2.559404602e+00          nan          nan
-2.554397836e+00          nan          nan
-2.549391070e+00          nan          nan
-2.544384305e+00          nan          nan
-2.539377539e+00          nan          nan
-2.534370773e+00          nan          nan
-2.529364007e+00          nan          nan
-2.524357241e+00          nan          nan
-2.519350475e+00          nan          nan
-2.514343709e+00          nan          nan
-2.509336943e+00          nan          nan
-2.504330178e+00          nan          nan
-2.499323412e+00          nan          nan
-2.494316646e+00          nan          nan
-2.489309880e+00          nan          nan
-2.484303114e+00          nan          nan
-2.479296348e+00          nan          nan
-2.474289582e+00          nan          nan
-2.469282816e+00          nan          nan
-2.464276050e+00          nan          nan
-2.459269285e+00          nan          nan
-2.454262519e+00          nan          nan
-2.449255753e+00          nan          nan
-2.444248987e+00          nan          nan
-2.439242221e+00          nan          nan
-2.434235455e+00          nan          nan
-2.429228689e+00          nan          nan
-2.424221923e+00          nan          nan
-2.419215157e+00          nan          nan
-2.414208392e+00          nan          nan
-2.409201626e+00          nan          nan
-2.404194860e+00          nan          nan
-2.399188094e+00          nan          nan
-2.394181328e+00          nan          nan
-2.389174562e+00          nan          nan
-2.384167796e+00          nan          nan
-2.379161030e+00          nan          nan
-2.374154265e+00          nan          nan
-2.369147499e+00          nan          nan
-2.364140733e+00          nan          nan
-2.359133967e+00          nan          nan
-2.354127201e+00          nan          nan
-2.349120435e+00          nan          nan
-2.344113669e+00          nan          nan
-2.339106903e+00          nan          nan
-2.334100137e+00          nan          nan
-2.329093372e+00          nan          nan
-2.324086606e+00          nan          nan
-2.319079840e+00          nan          nan
-2.314073074e+00          nan          nan
-2.309066308e+00          nan          nan
-2.304059542e+00          nan          nan
-2.299052776e+00          nan          nan
-2.294046010e+00          nan          nan
-2.289039245e+00          nan          nan
-2.284032479e+00          nan          nan
-2.279025713e+00          nan          nan
-2.274018947e+00          nan          nan
-2.269012181e+00          nan          nan
-2.264005415e+00          nan          nan
-2.258998649e+00          nan          nan
-2.253991883e+00          nan          nan
-2.248985117e+00          nan          nan
-2.243978352e+00          nan          nan
-2.238971586e+00          nan          nan
-2.233964820e+00          nan          nan
-2.228958054e+00          nan          nan
-2.223951288e+00          nan          nan
-2.218944522e+00          nan          nan
-2.213937756e+00          nan          nan
-2.208930990e+00          nan          nan
-2.203924224e+00          nan          nan
-2.198917459e+00          nan          nan
-2.193910693e+00          nan          nan
-2.188903927e+00          nan          nan
-2.183897161e+00          nan          nan
-2.178890395e+00          nan          nan
-2.173883629e+00          nan          nan
-2.168876863e+00          nan          nan
-2.163870097e+00          nan          nan
-2.158863332e+00          nan          nan
-2.153856566e+00          nan          nan
-2.148849800e+00          nan          nan
-2.143843034e+00          nan          nan
-2.138836268e+00          nan          nan
-2.133829502e+00          nan          nan
-2.128822736e+00          nan          nan
-2.123815970e+00          nan          nan
-2.118809204e+00          nan          nan
-2.113802439e+00          nan          nan
-2.108795673e+00          nan          nan
-2.103788907e+00          nan          nan
-2.098782141e+00          nan          nan
-2.093775375e+00          nan          nan
-2.088768609e+00          nan          nan
-2.083761843e+00          nan          nan
-2.078755077e+00          nan          nan
-2.073748312e+00          nan          nan
-2.068741546e+00          nan          nan
-2.063734780e+00          nan          nan
-2.058728014e+00          nan          nan
-2.053721248e+00          nan          nan
-2.048714482e+00          nan          nan
-2.043707716e+00          nan          nan
-2.038700950e+00          nan          nan
-2.033694184e+00          nan          nan
-2.028687419e+00          nan          nan
-2.023680653e+00          nan          nan
-2.018673887e+00          nan          nan
-2.013667121e+00          nan          nan
-2.008660355e+00          nan          nan
-2.003653589e+00          nan          nan
-1.998646823e+00          nan          nan
-1.993640057e+00          nan          nan
-1.988633291e+00          nan          nan
-1.983626526e+00          nan          nan
-1.978619760e+00          nan          nan
-1.973612994e+00          nan          nan
-1.968606228e+00          nan          nan
-1.963599462e+00          nan          nan
-1.958592696e+00          nan          nan
-1.953585930e+00          nan          nan
-1.948579164e+00          nan          nan
-1.943572399e+00          nan          nan
-1.938565633e+00          nan          nan
-1.933558867e+00          nan          nan
-1.928552101e+00          nan          nan
-1.923545335e+00          nan          nan
-1.918538569e+00          nan          nan
-1.913531803e+00          nan          nan
-1.908525037e+00          nan          nan
-1.903518271e+00          nan          nan
-1.898511506e+00          nan          nan
-1.893504740e+00          nan          nan
-1.888497974e+00          nan          nan
-1.883491208e+00          nan          nan
-1.878484442e+00          nan          nan
-1.873477676e+00          nan          nan
-1.868470910e+00          nan          nan
-1.863464144e+00          nan          nan
-1.858457379e+00          nan          nan
-1.853450613e+00          nan          nan
-1.848443847e+00          nan          nan
-1.843437081e+00          nan          nan
-1.838430315e+00          nan          nan
-1.833423549e+00          nan          nan
-1.828416783e+00          nan          nan
-1.823410017e+00          nan          nan
-1.818403251e+00          nan          nan
-1.813396486e+00          nan          nan
-1.808389720e+00          nan          nan
-1.803382954e+00          nan          nan
-1.798376188e+00          nan          nan
-1.793369422e+00          nan          nan
-1.788362656e+00          nan          nan
-1.783355890e+00          nan          nan
-1.778349124e+00          nan          nan
-1.773342358e+00          nan          nan
-1.768335593e+00          nan          nan
-1.763328827e+00          nan          nan
-1.758322061e+00          nan          nan
-1.753315295e+00          nan          nan
-1.748308529e+00          nan          nan
-1.743301763e+00          nan          nan
-1.738294997e+00          nan          nan
-1.733288231e+00          nan          nan
-1.728281466e+00          nan          nan
-1.723274700e+00          nan          nan
-1.718267934e+00          nan          nan
-1.713261168e+00          nan          nan
-1.708254402e+00          nan          nan
-1.703247636e+00          nan          nan
-1.698240870e+00          nan          nan
-1.693234104e+00          nan          nan
-1.688227338e+00          nan          nan
-1.683220573e+00          nan          nan
-1.678213807e+00          nan          nan
-1.673207041e+00          nan          nan
-1.668200275e+00          nan          nan
-1.663193509e+00          nan          nan
-1.658186743e+00          nan          nan
-1.653179977e+00          nan          nan
-1.648173211e+00          nan          nan
-1.643166446e+00          nan          nan
-1.638159680e+00          nan          nan
-1.633152914e+00          nan          nan
-1.628146148e+00          nan          nan
-1.623139382e+00          nan          nan
-1.618132616e+00          nan          nan
-1.613125850e+00          nan          nan
-1.608119084e+00          nan          nan
-1.603112318e+00          nan          nan
-1.598105553e+00          nan          nan
-1.593098787e+00          nan          nan
-1.588092021e+00          nan          nan
-1.583085255e+00          nan          nan
-1.578078489e+00          nan          nan
-1.573071723e+00          nan          nan
-1.568064957e+00          nan          nan
-1.563058191e+00          nan          nan
-1.558051425e+00          nan          nan
-1.553044660e+00          nan          nan
-1.548037894e+00          nan          nan
-1.543031128e+00          nan          nan
-1.538024362e+00          nan          nan
-1.533017596e+00          nan          nan
-1.528010830e+00          nan          nan
-1.523004064e+00          nan          nan
-1.517997298e+00          nan          nan
-1.512990533e+00          nan          nan
-1.507983767e+00          nan          nan
-1.502977001e+00          nan          nan
-1.497970235e+00          nan          nan
-1.492963469e+00          nan          nan
-1.487956703e+00          nan          nan
-1.482949937e+00          nan          nan
-1.477943171e+00          nan          nan
-1.472936405e+00          nan          nan
-1.467929640e+00          nan          nan
-1.462922874e+00          nan          nan
-1.457916108e+00          nan          nan
-1.452909342e+00          nan          nan
-1.447902576e+00          nan          nan
-1.442895810e+00          nan          nan
-1.437889044e+00          nan          nan
-1.432882278e+00          nan          nan
-1.427875513e+00          nan          nan
-1.422868747e+00          nan          nan
-1.417861981e+00          nan          nan
-1.412855215e+00          nan          nan
-1.407848449e+00          nan          nan
-1.402841683e+00          nan          nan
-1.397834917e+00          nan          nan
-1.392828151e+00          nan          nan
-1.387821385e+00          nan          nan
-1.382814620e+00          nan          nan
-1.377807854e+00          nan          nan
-1.372801088e+00          nan          nan
-1.367794322e+00          nan          nan
-1.362787556e+00          nan          nan
-1.357780790e+00          nan          nan
-1.352774024e+00          nan          nan
-1.347767258e+00          nan          nan
-1.342760492e+00          nan          nan
-1.337753727e+00          nan          nan
-1.332746961e+00          nan          nan
-1.327740195e+00          nan          nan
-1.322733429e+00          nan          nan
-1.317726663e+00          nan          nan
-1.312719897e+00          nan          nan
-1.307713131e+00          nan          nan
-1.302706365e+00          nan          nan
-1.297699600e+00          nan          nan
-1.292692834e+00          nan          nan
-1.287686068e+00          nan          nan
-1.282679302e+00          nan          nan
-1.277672536e+00          nan          nan
-1.272665770e+00          nan          nan
-1.267659004e+00          nan          nan
-1.262652238e+00          nan          nan
-1.257645472e+00          nan          nan
-1.252638707e+00          nan          nan
-1.247631941e+00          nan          nan
-1.242625175e+00          nan          nan
-1.237618409e+00          nan          nan
-1.232611643e+00          nan          nan
-1.227604877e+00          nan          nan
-1.222598111e+00          nan          nan
-1.217591345e+00          nan          nan
-1.212584580e+00          nan          nan
-1.207577814e+00          nan          nan
-1.202571048e+00          nan          nan
-1.197564282e+00          nan          nan
-1.192557516e+00          nan          nan
-1.187550750e+00          nan          nan
-1.182543984e+00          nan          nan
-1.177537218e+00          nan          nan
-1.172530452e+00          nan          nan
-1.167523687e+00          nan          nan
-1.162516921e+00          nan          nan
-1.157510155e+00          nan          nan
-1.152503389e+00          nan          nan
-1.147496623e+00          nan          nan
-1.142489857e+00          nan          nan
-1.137483091e+00          nan          nan
-1.132476325e+00          nan          nan
-1.127469559e+00          nan          nan
-1.122462794e+00          nan          nan
-1.117456028e+00          nan          nan
-1.112449262e+00          nan          nan
-1.107442496e+00          nan          nan
-1.102435730e+00          nan          nan
-1.097428964e+00          nan          nan
-1.092422198e+00          nan          nan
-1.087415432e+00          nan          nan
-1.082408667e+00          nan          nan
-1.077401901e+00          nan          nan
-1.072395135e+00          nan          nan
-1.067388369e+00          nan          nan
-1.062381603e+00          nan          nan
-1.057374837e+00          nan          nan
-1.052368071e+00          nan          nan
-1.047361305e+00          nan          nan
-1.042354539e+00          nan          nan
-1.037347774e+00          nan          nan
-1.032341008e+00          nan          nan
-1.027334242e+00          nan          nan
-1.022327476e+00          nan          nan
-1.017320710e+00          nan          nan
-1.012313944e+00          nan          nan
-1.007307178e+00          nan          nan
-1.002300412e+00          nan          nan
-9.972936465e-01          nan          nan
-9.922868806e-01          nan          nan
-9.872801147e-01          nan          nan
-9.822733489e-01          nan          nan
-9.772665830e-01          nan          nan
-9.722598171e-01          nan          nan
-9.672530512e-01          nan          nan
-9.622462853e-01          nan          nan
-9.572395194e-01          nan          nan
-9.522327536e-01          nan          nan
-9.472259877e-01          nan          nan
-9.422192218e-01          nan          nan
-9.372124559e-01          nan          nan
-9.322056900e-01          nan          nan
-9.271989241e-01          nan          nan
-9.221921583e-01          nan          nan
-9.171853924e-01          nan          nan
-9.121786265e-01          nan          nan
-9.071718606e-01          nan          nan
-9.021650947e-01          nan          nan
-8.971583288e-01          nan          nan
-8.921515629e-01          nan          nan
-8.871447971e-01          nan          nan
-8.821380312e-01          nan          nan
-8.771312653e-01          nan          nan
-8.721244994e-01          nan          nan
-8.671177335e-01          nan          nan
-8.621109676e-01          nan          nan
-8.571042018e-01          nan          nan
-8.520974359e-01          nan          nan
-8.470906700e-01          nan          nan
-8.420839041e-01          nan          nan
-8.370771382e-01 -2.675946390e-01 1.105860970e-02
-8.320703723e-01 9.844597298e-01 8.858885842e-01
-8.270636065e-01 6.297638927e-01 7.754384822e-01
-8.220568406e-01 3.308960913e-01 6.008946127e-01
-8.170500747e-01 -2.707215868e-01 1.121220483e-02
-8.120433088e-01 -2.715144792e-01 1.125305013e-02
-8.070365429e-01 6.072151257e-01 7.637408098e-01
-8.020297770e-01 7.081258172e-01 8.029565598e-01
-7.970230112e-01 -1.829164586e-01 2.399015324e-01
-7.920162453e-01 2.180220074e+00 1.250493572e+00
-7.870094794e-01 -2.753034789e-01 1.144768770e-02
-7.820027135e-01 -2.761874628e-01 1.149188994e-02
-7.769959476e-01 -3.086085886e-02 3.967140726e-01
-7.719891817e-01 -1.978540425e-01 2.259645511e-01
-7.669824159e-01 -2.783357655e-01 1.163286013e-02
-7.619756500e-01 3.800859658e-02 4.600483057e-01
-7.569688841e-01 7.096326527e-01 8.021909359e-01
-7.519621182e-01 -2.813817986e-01 1.177262806e-02
-7.469553523e-01 -2.824920518e-01 1.183249082e-02
-7.419485864e-01 -2.836772177e-01 1.190308477e-02
-7.369418206e-01 3.621133059e-01 6.472430764e-01
-7.319350547e-01 -2.865523627e-01 1.236992608e-02
-7.269282888e-01 -2.881002458e-01 1.210041945e-02
-7.219215229e-01 -2.896488175e-01 1.216197241e-02
-7.169147570e-01 9.427871602e-01 8.726725384e-01
-7.119079911e-01 -2.928567416e-01 1.230835526e-02
-7.069012253e-01 -2.944869635e-01 1.239732127e-02
-7.018944594e-01 3.596270946e-01 6.558643763e-01
-6.968876935e-01 -2.979888661e-01 1.255485110e-02
-6.918809276e-01 -2.103231492e-01 2.373064200e-01
-6.868741617e-01 2.649398816e-01 5.959523355e-01
-6.818673958e-01 9.795412094e-01 9.315169980e-01
-6.768606299e-01 -2.714244375e-01 1.566237736e-01
-6.718538641e-01 3.289685364e-01 6.362991876e-01
-6.668470982e-01 -3.086580442e-01 1.306252769e-02
-6.618403323e-01 4.393290166e-01 7.495144343e-01
-6.568335664e-01 -3.114952426e-01 1.319821802e-02
-6.518268005e-01 -3.129248921e-01 1.326696315e-02
-6.468200346e-01 -3.138949151e-01 1.334108708e-02
-6.418132688e-01 -1.933207629e-01 2.782324338e-01
-6.368065029e-01 2.023672490e-01 5.752859852e-01
-6.317997370e-01 -3.164484806e-01 1.358223792e-02
-6.267929711e-01 -3.174539425e-01 1.365043708e-02
-6.217862052e-01 9.635821585e-01 9.066217277e-01
-6.167794393e-01 3.528175409e-01 6.708746634e-01
-6.117726735e-01 -2.142321219e-01 2.669838549e-01
-6.067659076e-01 -3.211780237e-01 1.396716343e-02
-6.017591417e-01 2.803332770e-01 6.512285807e-01
-5.967523758e-01 4.790348112e-01 7.509135299e-01
-5.917456099e-01 -3.242417271e-01 1.420860267e-02
-5.867388440e-01 4.094441653e-01 7.349124936e-01
-5.817320782e-01 -3.263467407e-01 1.436305477e-02
-5.767253123e-01 -3.271103656e-01 1.445655817e-02
-5.717185464e-01 2.335116173e-03 4.738338139e-01
-5.667117805e-01 1.389940234e+00 1.070691520e+00
-5.617050146e-01 7.571865373e-01 8.693800641e-01
-5.566982487e-01 6.021127356e-01 8.432180019e-01
-5.516914829e-01 3.863468076e-01 7.572665827e-01
-5.466847170e-01 1.426600283e+00 1.126561638e+00
-5.416779511e-01 2.218344760e+00 1.347073751e+00
-5.366711852e-01 3.497590567e-01 6.883120570e-01
-5.316644193e-01 -3.399956520e-01 1.536759808e-02
-5.266576534e-01 -3.416996597e-01 1.546355918e-02
-5.216508876e-01 -3.434779201e-01 1.556294050e-02
-5.166441217e-01 -3.452168134e-01 1.566064500e-02
-5.116373558e-01 -3.469343181e-01 1.576411520e-02
-5.066305899e-01 -3.485689886e-01 1.588755966e-02
-5.016238240e-01 -3.506703971e-01 1.603031207e-02
-4.966170581e-01 -3.531767298e-01 1.617032973e-02
-4.916102922e-01 -3.558683485e-01 1.630471723e-02
-4.866035264e-01 -3.585863002e-01 1.644017714e-02
-4.815967605e-01 3.343263905e-01 6.958549140e-01
-4.765899946e-01 9.902291692e-01 1.165824553e+00
-4.715832287e-01 -3.671650752e-01 1.688866339e-02
-4.665764628e-01 -3.705970704e-01 1.707464109e-02
-4.615696969e-01 6.149013256e-01 9.892055234e-01
-4.565629311e-01 -3.777334826e-01 1.742329453e-02
-4.515561652e-01 -3.813494597e-01 1.759212980e-02
-4.465493993e-01 -3.850018197e-01 1.776226625e-02
-4.415426334e-01 -3.886998595e-01 1.793582888e-02
-4.365358675e-01 3.640013654e-01 7.566376278e-01
-4.315291016e-01 9.624213641e-01 9.601605702e-01
-4.265223358e-01 -3.977359363e-01 1.845776711e-02
-4.215155699e-01 -4.004137406e-01 1.859804218e-02
-4.165088040e-01 2.030680986e-01 6.376508412e-01
-4.115020381e-01 -3.421734786e-01 2.074218047e-01
-4.064952722e-01 1.778615085e-01 7.710142595e-01
-4.014885063e-01 1.573812376e-02 5.432817079e-01
-3.964817405e-01 -1.512297988e-01 4.269805856e-01
-3.914749746e-01 -4.175651148e-01 1.958290250e-02
-3.864682087e-01 -4.204856668e-01 1.974743645e-02
-3.814614428e-01 6.666927921e-01 9.010489734e-01
-3.764546769e-01 7.698331461e-01 9.772625009e-01
-3.714479110e-01 6.507419989e-01 1.080319275e+00
-3.664411452e-01 5.174897889e-01 9.734158509e-01
-3.614343793e-01 -3.875654245e-01 2.188789488e-01
-3.564276134e-01 -4.380752056e-01 2.080970114e-02
-3.514208475e-01 1.312993260e+00 1.243279519e+00
-3.464140816e-01 6.446814378e-01 1.088659255e+00
-3.414073157e-01 1.819203645e+00 1.441979936e+00
-3.364005499e-01 1.138569087e+00 1.151711965e+00
-3.313937840e-01 1.011453618e-01 7.036280596e-01
-3.263870181e-01 -4.542346241e-01 2.181848928e-02
-3.213802522e-01 -4.562358781e-01 2.200717029e-02
-3.163734863e-01 -4.583572971e-01 2.217993936e-02
-3.113667204e-01 5.131881347e-01 9.741581244e-01
-3.063599546e-01 -4.630064237e-01 2.249193862e-02
-3.013531887e-01 -4.653231455e-01 2.264813244e-02
-2.963464228e-01 -3.991145380e-02 5.462517735e-01
-2.913396569e-01 -4.709961841e-01 2.298891587e-02
-2.863328910e-01 7.179182270e-01 1.184610000e+00
-2.813261251e-01 -4.687927630e-01 8.539940665e-02
-2.763193592e-01 -4.817381397e-01 2.368335617e-02
-2.713125934e-01 7.503817296e-01 1.235820022e+00
-2.663058275e-01 -4.886904423e-01 2.408794973e-02
-2.612990616e-01 -4.915576021e-01 2.425607290e-02
-2.562922957e-01 5.418974923e-01 1.036725560e+00
-2.512855298e-01 -4.975306442e-01 2.465813799e-02
-2.462787639e-01 -5.004808860e-01 2.490169717e-02
-2.412719981e-01 1.009315442e-01 6.512283671e-01
-2.362652322e-01 5.553177389e-01 9.304246176e-01
-2.312584663e-01 1.617592572e+00 1.551921283e+00
-2.262517004e-01 3.805612894e-01 8.926678827e-01
-2.212449345e-01 -5.143607373e-01 2.589048615e-02
-2.162381686e-01 1.356633898e+00 1.279468224e+00
-2.112314028e-01 1.728213570e+00 1.676127453e+00
-2.062246369e-01 -5.224914749e-01 2.658754867e-02
-2.012178710e-01 1.007900003e+00 1.141822529e+00
-1.962111051e-01 -3.561612682e-01 3.937412502e-01
-1.912043392e-01 -5.293457419e-01 2.717450125e-02
-1.861975733e-01 1.006987000e-01 8.742834871e-01
-1.811908075e-01 4.261328562e-01 1.020564305e+00
-1.761840416e-01 3.849019924e-01 8.704077851e-01
-1.711772757e-01 -5.400588112e-01 2.806187794e-02
-1.661705098e-01 4.354853776e-01 9.789511577e-01
-1.611637439e-01 -5.462938912e-01 2.859703817e-02
-1.561569780e-01 6.554427990e-01 1.235913205e+00
-1.511502122e-01 7.599762158e-01 1.383133376e+00
-1.461434463e-01 -3.503221536e-01 5.533797658e-01
-1.411366804e-01 9.619952975e-01 1.209552778e+00
-1.361299145e-01 -5.682218281e-01 2.996064484e-02
-1.311231486e-01 4.392276228e-01 1.012472619e+00
-1.261163827e-01 -1.502640922e-02 9.112079637e-01
-1.211096169e-01 5.620095944e-01 1.299318231e+00
-1.161028510e-01 2.294467245e-01 1.067741544e+00
-1.110960851e-01 3.297009221e-01 1.027534091e+00
-1.060893192e-01 -4.366537720e-01 3.550708014e-01
-1.010825533e-01 -6.639505165e-02 6.662578874e-01
-9.607578743e-02 6.445426672e-01 1.201252418e+00
-9.106902155e-02 3.644605370e-01 1.042300772e+00
-8.606225567e-02 -3.006709680e-01 6.132454658e-01
-8.105548978e-02 -5.181733299e-01 4.215569435e-01
-7.604872390e-02 9.012138707e-02 1.027508410e+00
-7.104195802e-02 1.698660910e-01 1.080349906e+00
-6.603519213e-02 -6.525327590e-01 3.502930948e-02
-6.102842625e-02 -4.607639583e-01 5.251294610e-01
-5.602166036e-02 3.203493733e+00 2.290273319e+00
-5.101489448e-02 -6.735988142e-01 3.627614927e-02
-4.600812860e-02 2.489843046e-01 9.980576722e-01
-4.100136271e-02 4.118547721e+00 2.495169565e+00
-3.599459683e-02 2.216697680e+01 5.334425129e+00
-3.098783095e-02 5.420549506e+01 8.261394571e+00
-2.598106506e-02 1.928108849e+02 1.557147925e+01
-2.097429918e-02 5.027660404e+02 2.518964106e+01
-1.596753329e-02 1.103379319e+03 3.748015877e+01
-1.096076741e-02 2.010290353e+03 5.089136966e+01
-5.954001527e-03 2.989018396e+03 6.262411181e+01
-9.472356436e-04 3.193510864e+03 6.446942954e+01
4.059530240e-03 2.581473265e+03 5.837164551e+01
9.066296124e-03 1.421564674e+03 4.337067260e+01
1.407306201e-02 4.873018999e+02 2.558892563e+01
1.907982789e-02 1.042907432e+02 1.168709005e+01
2.408659378e-02 2.366469713e+01 5.568442665e+00
2.909335966e-02 4.563812403e+00 2.497327058e+00
3.410012554e-02 2.902064336e+00 2.159050616e+00
3.910689143e-02 3.307792303e-01 1.257053309e+00
4.411365731e-02 2.102500297e+00 2.124313527e+00
4.912042319e-02 2.118551144e-01 1.098233419e+00
5.412718908e-02 -8.956618951e-01 4.919097911e-02
5.913395496e-02 -9.053423486e-01 4.979479688e-02
6.414072084e-02 -9.133654047e-01 5.035278796e-02
6.914748673e-02 -5.140596461e-01 9.005101510e-01
7.415425261e-02 4.823910975e-01 1.321989942e+00
7.916101850e-02 1.204704096e-01 1.144166199e+00
8.416778438e-02 6.140919600e-01 1.560047897e+00
8.917455026e-02 1.677101919e-01 1.122280340e+00
9.418131615e-02 9.249108447e-01 1.683897197e+00
9.918808203e-02 1.511212114e+00 1.728766752e+00
1.041948479e-01 1.956604096e+00 2.129215569e+00
1.092016138e-01 2.725024332e+00 2.735819943e+00
1.142083797e-01 1.959121012e+00 2.224337655e+00
1.192151456e-01 1.797098238e+00 2.229746011e+00
1.242219114e-01 -5.226032312e-01 1.001624419e+00
1.292286773e-01 -2.106431269e-01 1.134110820e+00
1.342354432e-01 -2.978523443e-01 1.077935179e+00
1.392422091e-01 -6.751371346e-01 6.548242195e-01
1.442489750e-01 -3.108937158e-01 9.230857530e-01
1.492557409e-01 -8.891308618e-01 4.938868935e-01
1.542625068e-01 1.582560852e-01 1.278001620e+00
1.592692726e-01 3.101243513e+00 2.500187028e+00
1.642760385e-01 4.633832689e-01 1.538456402e+00
1.692828044e-01 3.220275390e-01 1.444937142e+00
1.742895703e-01 -1.132910129e+00 6.420465291e-02
1.792963362e-01 1.113267804e+00 1.814275177e+00
1.843031021e-01 -6.359240825e-01 7.975051174e-01
1.893098679e-01 1.002502247e+00 1.848252855e+00
1.943166338e-01 3.271052469e+00 2.760011042e+00
1.993233997e-01 1.988779141e+00 2.314467379e+00
2.043301656e-01 -1.203448523e+00 6.850863069e-02
2.093369315e-01 2.891026490e+00 2.558918331e+00
2.143436974e-01 -1.228497470e+00 7.132915147e-02
2.193504632e-01 6.586370466e-01 1.901436503e+00
2.243572291e-01 3.348605565e+00 2.662444338e+00
2.293639950e-01 -1.267904814e+00 7.250083933e-02
2.343707609e-01 3.120502267e+00 2.543289406e+00
2.393775268e-01 -1.294513041e+00 7.404305986e-02
2.443842927e-01 2.458534420e+00 2.663898029e+00
2.493910585e-01 -8.693932515e-01 9.272579488e-01
2.543978244e-01 1.832627472e+00 2.257681174e+00
2.594045903e-01 1.527266621e+00 2.194108043e+00
2.644113562e-01 1.852832663e-01 1.586950683e+00
2.694181221e-01 -1.376099999e+00 7.922192432e-02
2.744248880e-01 -4.512490289e-01 1.080161739e+00
2.794316538e-01 2.744064167e+00 2.440520293e+00
2.844384197e-01 4.530356653e-02 1.472768099e+00
2.894451856e-01 1.890639409e+00 2.382150867e+00
2.944519515e-01 2.735594039e+00 2.651902325e+00
2.994587174e-01 1.336301002e+00 1.994316171e+00
3.044654833e-01 -1.707270050e-01 1.332152335e+00
3.094722491e-01 -1.520639381e+00 8.744321045e-02
3.144790150e-01 -2.723850532e-01 1.273299465e+00
3.194857809e-01 -1.565673025e+00 8.995633729e-02
3.244925468e-01 9.814814510e-01 2.061802976e+00
3.294993127e-01 -1.009820078e+00 1.001087689e+00
3.345060786e-01 -1.637607474e+00 9.354694569e-02
3.395128445e-01 2.626286294e+00 3.051055195e+00
3.445196103e-01 5.550743205e-01 1.907940894e+00
3.495263762e-01 -5.801287496e-01 1.502233007e+00
3.545331421e-01 1.543593454e+00 2.211260348e+00
3.595399080e-01 -4.839918429e-02 1.679087359e+00
3.645466739e-01 1.003101549e+00 2.135270514e+00
3.695534398e-01 -4.903138906e-01 1.361937403e+00
3.745602056e-01 -1.299623995e-01 1.677413941e+00
3.795669715e-01 -1.870274931e+00 1.058391856e-01
3.845737374e-01 1.580707306e+00 2.278602082e+00
3.895805033e-01 3.103769745e+00 2.762915485e+00
3.945872692e-01 7.880142750e+00 4.196535402e+00
3.995940351e-01 3.877643821e+00 3.299004613e+00
4.046008009e-01 -9.942072589e-02 1.682938790e+00
4.096075668e-01 3.288564618e+00 3.245492858e+00
4.146143327e-01 -3.948725650e-01 1.613916954e+00
4.196210986e-01 -8.924861862e-01 1.284831019e+00
4.246278645e-01 1.491006428e+00 2.472486492e+00
4.296346304e-01 -7.817801008e-01 1.470662058e+00
4.346413962e-01 -1.914138709e+00 6.869960655e-01
4.396481621e-01 3.075997071e+00 3.114105340e+00
4.446549280e-01 1.786937916e+00 2.645138409e+00
4.496616939e-01 2.975910714e+00 3.284041938e+00
4.546684598e-01 2.349144456e+00 2.781226422e+00
4.596752257e-01 7.361059341e+00 3.985464295e+00
4.646819915e-01 7.664349564e-01 2.231526799e+00
4.696887574e-01 2.398852509e+00 3.212151866e+00
4.746955233e-01 -1.136188536e+00 1.436338775e+00
4.797022892e-01 2.230026783e+00 2.852277741e+00
4.847090551e-01 -1.487899889e+00 1.440563212e+00
4.897158210e-01 3.310061838e+00 3.238866283e+00
4.947225868e-01 2.703793186e+00 3.148436378e+00
4.997293527e-01 7.846302630e-01 2.666489387e+00
5.047361186e-01 -1.520319651e+00 1.585634321e+00
5.097428845e-01 1.664198750e+00 3.143354205e+00
5.147496504e-01 -2.403104480e+00 9.207553546e-01
5.197564163e-01 2.766599962e+00 3.021611166e+00
5.247631821e-01 4.864797123e-01 2.612628028e+00
5.297699480e-01 1.940368409e+00 2.968001554e+00
5.347767139e-01 1.118626706e+00 2.774268921e+00
5.397834798e-01 3.180857487e-01 2.783937823e+00
5.447902457e-01 6.239821985e+00 4.249823739e+00
5.497970116e-01 2.651717894e+00 3.261970608e+00
5.548037775e-01 -1.157167308e+00 1.878245494e+00
5.598105433e-01 -3.548843637e+00 3.086718867e-01
5.648173092e-01 -2.101424522e+00 1.551080944e+00
5.698240751e-01 -1.476232352e+00 2.043667165e+00
5.748308410e-01 -3.834254444e-01 2.524132099e+00
5.798376069e-01 1.070197902e-01 2.705750434e+00
5.848443728e-01 3.092639914e-01 2.742097687e+00
5.898511386e-01 8.132635935e-01 2.794660454e+00
5.948579045e-01 3.686290426e+00 3.927759799e+00
5.998646704e-01 9.270742844e-01 3.043396063e+00
6.048714363e-01 -3.418408408e-01 2.586332407e+00
6.098782022e-01 -2.493736101e+00 1.843680534e+00
6.148849681e-01 4.955186975e+00 4.273709233e+00
6.198917339e-01 5.268020778e-01 3.198318915e+00
6.248984998e-01 -2.598743149e+00 1.845817802e+00
6.299052657e-01 -1.256412654e+00 2.576486490e+00
6.349120316e-01 1.924679085e+00 3.617901623e+00
6.399187975e-01 7.008794820e-01 3.157112117e+00
6.449255634e-01 8.991920242e-01 3.315282016e+00
6.499323292e-01 4.772519293e-01 3.155560026e+00
6.549390951e-01 5.527569773e-01 3.223999589e+00
6.599458610e-01 -2.216481663e+00 2.389102965e+00
6.649526269e-01 2.232525052e+00 3.627198907e+00
6.699593928e-01 1.303304886e+00 3.736367847e+00
6.749661587e-01 -8.460429098e-01 3.033502013e+00
6.799729245e-01 4.366798749e+00 4.552112351e+00
6.849796904e-01 -1.196636689e+00 3.145777175e+00
6.899864563e-01 4.826863860e+00 4.591305947e+00
6.949932222e-01 2.048223637e+00 4.079241122e+00
6.999999881e-01 1.405414197e+00 4.058549481e+00
