# MSlice Cut of workspace "LET77597_1.05meV_rings"
# Cut axis: DeltaE,-3.0,0.699999988079071,0.004999999888241291
# Integration axis: |Q|,0.7999999999999999,0.8999999999999999,0.0
# (Energy Transfer (meV)) (Signal) (Error)
-3.000000000e+00          nan          nan
-2.994993234e+00          nan          nan
-2.989986468e+00          nan          nan
-2.984979702e+00          nan          nan
-2.979972936e+00          nan          nan
-2.974966171e+00          nan          nan
-2.969959405e+00          nan          nan
-2.964952639e+00          nan          nan
-2.959945873e+00          nan          nan
-2.954939107e+00          nan          nan
-2.949932341e+00          nan          nan
-2.944925575e+00          nan          nan
-2.939918809e+00          nan          nan
-2.934912044e+00          nan          nan
-2.929905278e+00          nan          nan
-2.924898512e+00          nan          nan
-2.919891746e+00          nan          nan
-2.914884980e+00          nan          nan
-2.909878214e+00          nan          nan
-2.904871448e+00          nan          nan
-2.899864682e+00          nan          nan
-2.894857916e+00          nan          nan
-2.889851151e+00          nan          nan
-2.884844385e+00          nan          nan
-2.879837619e+00          nan          nan
-2.874830853e+00          nan          nan
-2.869824087e+00          nan          nan
-2.864817321e+00          nan          nan
-2.859810555e+00          nan          nan
-2.854803789e+00          nan          nan
-2.849797023e+00          nan          nan
-2.844790258e+00          nan          nan
-2.839783492e+00          nan          nan
-2.834776726e+00          nan          nan
-2.829769960e+00          nan          nan
-2.824763194e+00          nan          nan
-2.819756428e+00          nan          nan
-2.814749662e+00          nan          nan
-2.809742896e+00          nan          nan
-2.804736131e+00          nan          nan
-2.799729365e+00          nan          nan
-2.794722599e+00          nan          nan
-2.789715833e+00          nan          nan
-2.784709067e+00          nan          nan
-2.779702301e+00          nan          nan
-2.774695535e+00          nan          nan
-2.769688769e+00          nan          nan
-2.764682003e+00          nan          nan
-2.759675238e+00          nan          nan
-2.754668472e+00          nan          nan
-2.749661706e+00          nan          nan
-2.744654940e+00          nan          nan
-2.739648174e+00          nan          nan
-2.734641408e+00          nan          nan
-2.729634642e+00          nan          nan
-2.724627876e+00          nan          nan
-2.719621111e+00          nan          nan
-2.714614345e+00          nan          nan
-2.709607579e+00          nan          nan
-2.704600813e+00          nan          nan
-2.699594047e+00          nan          nan
-2.694587281e+00          nan          nan
-2.689580515e+00          nan          nan
-2.684573749e+00          nan          nan
-2.679566983e+00          nan          nan
-2.674560218e+00          nan          nan
-2.669553452e+00          nan          nan
-2.664546686e+00          nan          nan
-2.659539920e+00          nan          nan
-2.654533154e+00          nan          nan
-2.649526388e+00          nan          nan
-2.644519622e+00          nan          nan
-2.639512856e+00          nan          nan
-2.634506090e+00          nan          nan
-2.629499325e+00          nan          nan
-2.624492559e+00          nan          nan
-2.619485793e+00          nan          nan
-2.614479027e+00          nan          nan
-2.609472261e+00          nan          nan
-2.604465495e+00          nan          nan
-2.599458729e+00          nan          nan
-2.594451963e+00          nan          nan
-2.589445198e+00          nan          nan
-2.584438432e+00          nan          nan
-2.579431666e+00          nan          nan
-2.574424900e+00          nan          nan
-2.569418134e+00          nan          nan
-2.564411368e+00          nan          nan
-2.559404602e+00          nan          nan
-2.554397836e+00          nan          nan
-2.549391070e+00          nan          nan
-2.544384305e+00          nan          nan
-2.539377539e+00          nan          nan
-2.534370773e+00          nan          nan
-2.529364007e+00          nan          nan
-2.524357241e+00          nan          nan
-2.519350475e+00          nan          nan
-2.514343709e+00          nan          nan
-2.509336943e+00          nan          nan
-2.504330178e+00          nan          nan
-2.499323412e+00          nan          nan
-2.494316646e+00          nan          nan
-2.489309880e+00          nan          nan
-2.484303114e+00          nan          nan
-2.479296348e+00          nan          nan
-2.474289582e+00          nan          nan
-2.469282816e+00          nan          nan
-2.464276050e+00          nan          nan
-2.459269285e+00          nan          nan
-2.454262519e+00          nan          nan
-2.449255753e+00          nan          nan
-2.444248987e+00          nan          nan
-2.439242221e+00          nan          nan
-2.434235455e+00          nan          nan
-2.429228689e+00          nan          nan
-2.424221923e+00          nan          nan
-2.419215157e+00          nan          nan
-2.414208392e+00          nan          nan
-2.409201626e+00          nan          nan
-2.404194860e+00          nan          nan
-2.399188094e+00          nan          nan
-2.394181328e+00          nan          nan
-2.389174562e+00          nan          nan
-2.384167796e+00          nan          nan
-2.379161030e+00          nan          nan
-2.374154265e+00          nan          nan
-2.369147499e+00          nan          nan
-2.364140733e+00          nan          nan
-2.359133967e+00          nan          nan
-2.354127201e+00          nan          nan
-2.349120435e+00          nan          nan
-2.344113669e+00          nan          nan
-2.339106903e+00          nan          nan
-2.334100137e+00          nan          nan
-2.329093372e+00          nan          nan
-2.324086606e+00          nan          nan
-2.319079840e+00          nan          nan
-2.314073074e+00          nan          nan
-2.309066308e+00          nan          nan
-2.304059542e+00          nan          nan
-2.299052776e+00          nan          nan
-2.294046010e+00          nan          nan
-2.289039245e+00          nan          nan
-2.284032479e+00          nan          nan
-2.279025713e+00          nan          nan
-2.274018947e+00          nan          nan
-2.269012181e+00          nan          nan
-2.264005415e+00          nan          nan
-2.258998649e+00          nan          nan
-2.253991883e+00          nan          nan
-2.248985117e+00          nan          nan
-2.243978352e+00          nan          nan
-2.238971586e+00          nan          nan
-2.233964820e+00          nan          nan
-2.228958054e+00          nan          nan
-2.223951288e+00          nan          nan
-2.218944522e+00          nan          nan
-2.213937756e+00          nan          nan
-2.208930990e+00          nan          nan
-2.203924224e+00          nan          nan
-2.198917459e+00          nan          nan
-2.193910693e+00          nan          nan
-2.188903927e+00          nan          nan
-2.183897161e+00          nan          nan
-2.178890395e+00          nan          nan
-2.173883629e+00          nan          nan
-2.168876863e+00          nan          nan
-2.163870097e+00          nan          nan
-2.158863332e+00          nan          nan
-2.153856566e+00          nan          nan
-2.148849800e+00          nan          nan
-2.143843034e+00          nan          nan
-2.138836268e+00          nan          nan
-2.133829502e+00          nan          nan
-2.128822736e+00          nan          nan
-2.123815970e+00          nan          nan
-2.118809204e+00          nan          nan
-2.113802439e+00          nan          nan
-2.108795673e+00          nan          nan
-2.103788907e+00          nan          nan
-2.098782141e+00          nan          nan
-2.093775375e+00          nan          nan
-2.088768609e+00          nan          nan
-2.083761843e+00          nan          nan
-2.078755077e+00          nan          nan
-2.073748312e+00          nan          nan
-2.068741546e+00          nan          nan
-2.063734780e+00          nan          nan
-2.058728014e+00          nan          nan
-2.053721248e+00          nan          nan
-2.048714482e+00          nan          nan
-2.043707716e+00          nan          nan
-2.038700950e+00          nan          nan
-2.033694184e+00          nan          nan
-2.028687419e+00          nan          nan
-2.023680653e+00          nan          nan
-2.018673887e+00          nan          nan
-2.013667121e+00          nan          nan
-2.008660355e+00          nan          nan
-2.003653589e+00          nan          nan
-1.998646823e+00          nan          nan
-1.993640057e+00          nan          nan
-1.988633291e+00          nan          nan
-1.983626526e+00          nan          nan
-1.978619760e+00          nan          nan
-1.973612994e+00          nan          nan
-1.968606228e+00          nan          nan
-1.963599462e+00          nan          nan
-1.958592696e+00          nan          nan
-1.953585930e+00          nan          nan
-1.948579164e+00          nan          nan
-1.943572399e+00          nan          nan
-1.938565633e+00          nan          nan
-1.933558867e+00          nan          nan
-1.928552101e+00          nan          nan
-1.923545335e+00          nan          nan
-1.918538569e+00          nan          nan
-1.913531803e+00          nan          nan
-1.908525037e+00          nan          nan
-1.903518271e+00          nan          nan
-1.898511506e+00          nan          nan
-1.893504740e+00          nan          nan
-1.888497974e+00          nan          nan
-1.883491208e+00          nan          nan
-1.878484442e+00          nan          nan
-1.873477676e+00          nan          nan
-1.868470910e+00          nan          nan
-1.863464144e+00          nan          nan
-1.858457379e+00          nan          nan
-1.853450613e+00          nan          nan
-1.848443847e+00          nan          nan
-1.843437081e+00          nan          nan
-1.838430315e+00          nan          nan
-1.833423549e+00          nan          nan
-1.828416783e+00          nan          nan
-1.823410017e+00          nan          nan
-1.818403251e+00          nan          nan
-1.813396486e+00          nan          nan
-1.808389720e+00          nan          nan
-1.803382954e+00          nan          nan
-1.798376188e+00          nan          nan
-1.793369422e+00          nan          nan
-1.788362656e+00          nan          nan
-1.783355890e+00          nan          nan
-1.778349124e+00          nan          nan
-1.773342358e+00          nan          nan
-1.768335593e+00          nan          nan
-1.763328827e+00          nan          nan
-1.758322061e+00          nan          nan
-1.753315295e+00          nan          nan
-1.748308529e+00          nan          nan
-1.743301763e+00          nan          nan
-1.738294997e+00          nan          nan
-1.733288231e+00          nan          nan
-1.728281466e+00          nan          nan
-1.723274700e+00          nan          nan
-1.718267934e+00          nan          nan
-1.713261168e+00          nan          nan
-1.708254402e+00          nan          nan
-1.703247636e+00          nan          nan
-1.698240870e+00          nan          nan
-1.693234104e+00          nan          nan
-1.688227338e+00          nan          nan
-1.683220573e+00          nan          nan
-1.678213807e+00          nan          nan
-1.673207041e+00          nan          nan
-1.668200275e+00          nan          nan
-1.663193509e+00          nan          nan
-1.658186743e+00          nan          nan
-1.653179977e+00          nan          nan
-1.648173211e+00          nan          nan
-1.643166446e+00          nan          nan
-1.638159680e+00          nan          nan
-1.633152914e+00          nan          nan
-1.628146148e+00          nan          nan
-1.623139382e+00          nan          nan
-1.618132616e+00          nan          nan
-1.613125850e+00          nan          nan
-1.608119084e+00          nan          nan
-1.603112318e+00          nan          nan
-1.598105553e+00          nan          nan
-1.593098787e+00          nan          nan
-1.588092021e+00          nan          nan
-1.583085255e+00          nan          nan
-1.578078489e+00          nan          nan
-1.573071723e+00          nan          nan
-1.568064957e+00          nan          nan
-1.563058191e+00          nan          nan
-1.558051425e+00          nan          nan
-1.553044660e+00          nan          nan
-1.548037894e+00          nan          nan
-1.543031128e+00          nan          nan
-1.538024362e+00          nan          nan
-1.533017596e+00          nan          nan
-1.528010830e+00          nan          nan
-1.523004064e+00          nan          nan
-1.517997298e+00          nan          nan
-1.512990533e+00          nan          nan
-1.507983767e+00          nan          nan
-1.502977001e+00          nan          nan
-1.497970235e+00          nan          nan
-1.492963469e+00          nan          nan
-1.487956703e+00          nan          nan
-1.482949937e+00          nan          nan
-1.477943171e+00          nan          nan
-1.472936405e+00          nan          nan
-1.467929640e+00          nan          nan
-1.462922874e+00          nan          nan
-1.457916108e+00          nan          nan
-1.452909342e+00          nan          nan
-1.447902576e+00          nan          nan
-1.442895810e+00          nan          nan
-1.437889044e+00          nan          nan
-1.432882278e+00          nan          nan
-1.427875513e+00          nan          nan
-1.422868747e+00          nan          nan
-1.417861981e+00          nan          nan
-1.412855215e+00          nan          nan
-1.407848449e+00          nan          nan
-1.402841683e+00          nan          nan
-1.397834917e+00          nan          nan
-1.392828151e+00          nan          nan
-1.387821385e+00          nan          nan
-1.382814620e+00          nan          nan
-1.377807854e+00          nan          nan
-1.372801088e+00          nan          nan
-1.367794322e+00          nan          nan
-1.362787556e+00          nan          nan
-1.357780790e+00          nan          nan
-1.352774024e+00          nan          nan
-1.347767258e+00          nan          nan
-1.342760492e+00          nan          nan
-1.337753727e+00          nan          nan
-1.332746961e+00          nan          nan
-1.327740195e+00          nan          nan
-1.322733429e+00          nan          nan
-1.317726663e+00          nan          nan
-1.312719897e+00          nan          nan
-1.307713131e+00          nan          nan
-1.302706365e+00          nan          nan
-1.297699600e+00          nan          nan
-1.292692834e+00          nan          nan
-1.287686068e+00          nan          nan
-1.282679302e+00          nan          nan
-1.277672536e+00          nan          nan
-1.272665770e+00          nan          nan
-1.267659004e+00          nan          nan
-1.262652238e+00          nan          nan
-1.257645472e+00          nan          nan
-1.252638707e+00          nan          nan
-1.247631941e+00          nan          nan
-1.242625175e+00          nan          nan
-1.237618409e+00          nan          nan
-1.232611643e+00          nan          nan
-1.227604877e+00          nan          nan
-1.222598111e+00          nan          nan
-1.217591345e+00          nan          nan
-1.212584580e+00          nan          nan
-1.207577814e+00          nan          nan
-1.202571048e+00          nan          nan
-1.197564282e+00          nan          nan
-1.192557516e+00          nan          nan
-1.187550750e+00          nan          nan
-1.182543984e+00          nan          nan
-1.177537218e+00          nan          nan
-1.172530452e+00          nan          nan
-1.167523687e+00          nan          nan
-1.162516921e+00          nan          nan
-1.157510155e+00          nan          nan
-1.152503389e+00          nan          nan
-1.147496623e+00          nan          nan
-1.142489857e+00          nan          nan
-1.137483091e+00          nan          nan
-1.132476325e+00          nan          nan
-1.127469559e+00          nan          nan
-1.122462794e+00          nan          nan
-1.117456028e+00          nan          nan
-1.112449262e+00          nan          nan
-1.107442496e+00          nan          nan
-1.102435730e+00          nan          nan
-1.097428964e+00          nan          nan
-1.092422198e+00          nan          nan
-1.087415432e+00          nan          nan
-1.082408667e+00          nan          nan
-1.077401901e+00          nan          nan
-1.072395135e+00          nan          nan
-1.067388369e+00          nan          nan
-1.062381603e+00          nan          nan
-1.057374837e+00          nan          nan
-1.052368071e+00          nan          nan
-1.047361305e+00          nan          nan
-1.042354539e+00          nan          nan
-1.037347774e+00          nan          nan
-1.032341008e+00          nan          nan
-1.027334242e+00          nan          nan
-1.022327476e+00          nan          nan
-1.017320710e+00          nan          nan
-1.012313944e+00          nan          nan
-1.007307178e+00          nan          nan
-1.002300412e+00          nan          nan
-9.972936465e-01          nan          nan
-9.922868806e-01          nan          nan
-9.872801147e-01          nan          nan
-9.822733489e-01          nan          nan
-9.772665830e-01          nan          nan
-9.722598171e-01          nan          nan
-9.672530512e-01          nan          nan
-9.622462853e-01          nan          nan
-9.572395194e-01          nan          nan
-9.522327536e-01          nan          nan
-9.472259877e-01          nan          nan
-9.422192218e-01          nan          nan
-9.372124559e-01          nan          nan
-9.322056900e-01          nan          nan
-9.271989241e-01          nan          nan
-9.221921583e-01          nan          nan
-9.171853924e-01          nan          nan
-9.121786265e-01          nan          nan
-9.071718606e-01          nan          nan
-9.021650947e-01          nan          nan
-8.971583288e-01          nan          nan
-8.921515629e-01          nan          nan
-8.871447971e-01          nan          nan
-8.821380312e-01          nan          nan
-8.771312653e-01          nan          nan
-8.721244994e-01          nan          nan
-8.671177335e-01          nan          nan
-8.621109676e-01          nan          nan
-8.571042018e-01          nan          nan
-8.520974359e-01          nan          nan
-8.470906700e-01          nan          nan
-8.420839041e-01          nan          nan
-8.370771382e-01 -3.072292912e-01 1.649351705e-02
-8.320703723e-01 -3.092665008e-01 1.659043611e-02
-8.270636065e-01 -3.107099656e-01 1.663850852e-02
-8.220568406e-01 1.689594199e+00 1.573258545e+00
-8.170500747e-01 1.566296033e-01 7.620106699e-01
-8.120433088e-01 -3.148903120e-01 1.684279865e-02
-8.070365429e-01 -3.159811030e-01 1.694320527e-02
-8.020297770e-01 -2.078697143e-02 6.069919833e-01
-7.970230112e-01 1.882134354e+00 1.657057088e+00
-7.920162453e-01 -3.176064266e-01 1.706502382e-02
-7.870094794e-01 -3.181611679e-01 1.711731561e-02
-7.820027135e-01 -3.187184855e-01 1.718131006e-02
-7.769959476e-01 -3.191304413e-01 1.726332452e-02
-7.719891817e-01 -3.198247631e-01 1.733626073e-02
-7.669824159e-01 3.952073229e-01 9.470005793e-01
-7.619756500e-01 2.135507956e-01 8.172162306e-01
-7.569688841e-01 -3.225524496e-01 1.751054791e-02
-7.519621182e-01 -3.239251515e-01 1.760545689e-02
-7.469553523e-01 -3.258450520e-01 1.774020812e-02
-7.419485864e-01 -3.280736311e-01 1.788264538e-02
-7.369418206e-01 9.248222629e-01 1.255676051e+00
-7.319350547e-01 -3.336156436e-01 1.896255637e-02
-7.269282888e-01 6.655559359e-01 1.114176043e+00
-7.219215229e-01 -1.041607125e-01 5.405476309e-01
-7.169147570e-01 -3.431424219e-01 1.867246009e-02
-7.119079911e-01 9.099903337e-01 1.256309962e+00
-7.069012253e-01 1.938941664e-01 8.299396195e-01
-7.018944594e-01 3.710790416e-01 9.569507306e-01
-6.968876935e-01 -3.549409027e-01 1.930984269e-02
-6.918809276e-01 -3.577471378e-01 1.946835106e-02
-6.868741617e-01 -3.604824372e-01 1.963625067e-02
-6.818673958e-01 -3.632629478e-01 1.980286830e-02
-6.768606299e-01 -3.657403147e-01 1.994897088e-02
-6.718538641e-01 -3.675465494e-01 2.006487176e-02
-6.668470982e-01 -3.693308739e-01 2.018267421e-02
-6.618403323e-01 -3.711319939e-01 2.030042215e-02
-6.568335664e-01 -3.725224936e-01 2.040054752e-02
-6.518268005e-01 -3.733213998e-01 2.049846481e-02
-6.468200346e-01 -3.742625030e-01 2.060920812e-02
-6.418132688e-01 -3.753179398e-01 2.071358370e-02
-6.368065029e-01 -3.763745699e-01 2.081638785e-02
-6.317997370e-01 8.987830742e-01 1.276384352e+00
-6.267929711e-01 9.964066926e-01 1.448493989e+00
-6.217862052e-01 8.858320572e-01 1.264945850e+00
-6.167794393e-01 -3.794365648e-01 2.120230551e-02
-6.117726735e-01 -3.801449762e-01 2.129748641e-02
-6.067659076e-01 -3.808923497e-01 2.138979392e-02
-6.017591417e-01 -3.818954844e-01 2.146424194e-02
-5.967523758e-01 -1.604465996e-01 5.313941713e-01
-5.917456099e-01 4.532187688e-02 7.383446284e-01
-5.867388440e-01 -3.869253866e-01 2.183716076e-02
-5.817320782e-01 -3.897813766e-01 2.198824938e-02
-5.767253123e-01 -3.928253023e-01 2.213436791e-02
-5.717185464e-01 -3.959369363e-01 2.224940512e-02
-5.667117805e-01 1.227525383e-01 8.144402130e-01
-5.617050146e-01 -2.431555696e-01 4.488431407e-01
-5.566982487e-01 -4.031282710e-01 2.270417163e-02
-5.516914829e-01 2.114102710e-01 8.938533162e-01
-5.466847170e-01 2.799744724e-01 9.428087459e-01
-5.416779511e-01 -4.111800296e-01 2.306298305e-02
-5.366711852e-01 -4.140530354e-01 2.320392966e-02
-5.316644193e-01 -2.942097585e-01 3.996446565e-01
-5.266576534e-01 7.519182512e-01 1.232837498e+00
-5.216508876e-01 -4.232633252e-01 2.374282660e-02
-5.166441217e-01 -4.256883509e-01 2.383163077e-02
-5.116373558e-01 6.266098508e-01 1.248185580e+00
-5.066305899e-01 1.294813092e+00 1.524044390e+00
-5.016238240e-01 2.436108102e-01 9.352544421e-01
-4.966170581e-01 1.804556889e-01 8.934525752e-01
-4.916102922e-01 8.689166756e-01 1.309305958e+00
-4.866035264e-01 -4.447644026e-01 2.474039042e-02
-4.815967605e-01 -4.493099994e-01 2.491914280e-02
-4.765899946e-01 -4.536465141e-01 2.513417616e-02
-4.715832287e-01 -4.579022413e-01 2.537135547e-02
-4.665764628e-01 -4.619685706e-01 2.555728221e-02
-4.615696969e-01 -4.653813808e-01 2.566769768e-02
-4.565629311e-01 -4.689754448e-01 2.581332795e-02
-4.515561652e-01 -4.727528921e-01 2.598989069e-02
-4.465493993e-01 -4.237084268e-01 2.646968925e-01
-4.415426334e-01 3.051829705e-01 1.015756634e+00
-4.365358675e-01 7.315160977e-01 1.262173688e+00
-4.315291016e-01 -4.910658931e-01 2.678324024e-02
-4.265223358e-01 -4.952883656e-01 2.697404901e-02
-4.215155699e-01 -4.995783328e-01 2.717227774e-02
-4.165088040e-01 -5.041543321e-01 2.740680317e-02
-4.115020381e-01 -5.084623545e-01 2.759715658e-02
-4.064952722e-01 -5.130218172e-01 2.777489591e-02
-4.014885063e-01 -5.177451971e-01 2.797881719e-02
-3.964817405e-01 -5.225198354e-01 2.818644393e-02
-3.914749746e-01 4.364079776e-02 8.723563181e-01
-3.864682087e-01 6.710493637e-01 1.263849551e+00
-3.814614428e-01 3.486206307e-01 1.081475649e+00
-3.764546769e-01 1.521649231e+00 2.058275442e+00
-3.714479110e-01 -5.386570191e-01 2.904759049e-02
-3.664411452e-01 -5.408805369e-01 2.918787621e-02
-3.614343793e-01 -5.424207630e-01 2.929195435e-02
-3.564276134e-01 -5.437162540e-01 2.942395450e-02
-3.514208475e-01 -5.452269454e-01 2.959522719e-02
-3.464140816e-01 -5.465350990e-01 2.972607591e-02
-3.414073157e-01 1.513556506e+00 1.667454130e+00
-3.364005499e-01 -4.086158430e-01 4.279298664e-01
-3.313937840e-01 -3.648353204e-01 4.908331705e-01
-3.263870181e-01 1.208614011e+00 1.521793784e+00
-3.213802522e-01 9.128234747e-01 1.463296417e+00
-3.163734863e-01 -5.514177342e-01 3.045040485e-02
-3.113667204e-01 -5.529796025e-01 3.053386286e-02
-3.063599546e-01 -5.547245985e-01 3.065295208e-02
-3.013531887e-01 5.684557454e-01 1.332020739e+00
-2.963464228e-01 8.707927800e-01 1.503928021e+00
-2.913396569e-01 3.924731257e-02 9.749947148e-01
-2.863328910e-01 -5.646921479e-01 3.136963600e-02
-2.813261251e-01 -5.680014162e-01 3.152844732e-02
-2.763193592e-01 -5.728103064e-01 3.180625471e-02
-2.713125934e-01 -5.779572310e-01 3.211293133e-02
-2.663058275e-01 7.658841082e-01 1.349602688e+00
-2.612990616e-01 -5.890465204e-01 3.255360050e-02
-2.562922957e-01 -5.946284184e-01 3.278445726e-02
-2.512855298e-01 -6.002695506e-01 3.305905836e-02
-2.462787639e-01 1.883939148e+00 1.934939385e+00
-2.412719981e-01 -1.610699474e-01 7.813095742e-01
-2.362652322e-01 -6.165374310e-01 3.382391575e-02
-2.312584663e-01 -6.218459956e-01 3.406313340e-02
-2.262517004e-01 -6.270881802e-01 3.432426937e-02
-2.212449345e-01 -6.317495693e-01 3.460396411e-02
-2.162381686e-01 -6.373110959e-01 3.484986119e-02
-2.112314028e-01 -6.423943358e-01 3.505405033e-02
-2.062246369e-01 -6.470921978e-01 3.528049613e-02
-2.012178710e-01 -6.517060938e-01 3.550376521e-02
-1.962111051e-01 -6.563539632e-01 3.571924297e-02
-1.912043392e-01 -6.615096983e-01 3.590456618e-02
-1.861975733e-01 -7.539008220e-02 9.735533998e-01
-1.811908075e-01 -6.735490932e-01 3.636252033e-02
-1.761840416e-01 -6.796921401e-01 3.658237630e-02
-1.711772757e-01 2.072630229e+00 1.951267742e+00
-1.661705098e-01 1.019763420e+00 1.602669920e+00
-1.611637439e-01 1.945880195e+00 1.943895578e+00
-1.561569780e-01 -7.065416389e-01 3.753777498e-02
-1.511502122e-01 -7.138457535e-01 3.778069208e-02
-1.461434463e-01 -7.212304841e-01 3.797196698e-02
-1.411366804e-01 -7.276720486e-01 3.823651789e-02
-1.361299145e-01 6.432783465e-02 1.056679395e+00
-1.311231486e-01 1.222845717e+00 1.643383006e+00
-1.261163827e-01 -6.051861937e-01 4.934094501e-01
-1.211096169e-01 -5.453912431e-01 5.944156055e-01
-1.161028510e-01 -7.569862476e-01 3.948680106e-02
-1.110960851e-01 -7.619080901e-01 3.978128842e-02
-1.060893192e-01 -7.659305950e-01 3.998209908e-02
-1.010825533e-01 -7.686712954e-01 4.008924465e-02
-9.607578743e-02 -7.709611866e-01 4.025349173e-02
-9.106902155e-02 3.088157202e-01 1.280947214e+00
-8.606225567e-02 1.886107594e+00 1.930366507e+00
-8.105548978e-02 -2.557341101e-01 8.500210885e-01
-7.604872390e-02 1.988800618e+00 1.962004567e+00
-7.104195802e-02 6.040780465e-01 1.453292346e+00
-6.603519213e-02 1.184122437e-01 1.121356660e+00
-6.102842625e-02 7.814377510e-01 1.482230369e+00
-5.602166036e-02 4.593784871e-01 1.335324858e+00
-5.101489448e-02 1.803053333e+00 1.900509246e+00
-4.600812860e-02 -2.493279602e-01 9.128706143e-01
-4.100136271e-02 8.074062019e+00 3.564622272e+00
-3.599459683e-02 2.193582747e+01 5.663118211e+00
-3.098783095e-02 5.811833440e+01 9.110440946e+00
-2.598106506e-02 1.708013453e+02 1.554939968e+01
-2.097429918e-02 4.207821153e+02 2.436593931e+01
-1.596753329e-02 9.593260406e+02 3.677961736e+01
-1.096076741e-02 1.846342875e+03 5.107999311e+01
-5.954001527e-03 2.695743924e+03 6.173802071e+01
-9.472356436e-04 3.135468011e+03 6.653660800e+01
4.059530240e-03 2.655461586e+03 6.116786128e+01
9.066296124e-03 1.553675584e+03 4.687357060e+01
1.407306201e-02 6.216549145e+02 2.969711320e+01
1.907982789e-02 1.809472288e+02 1.605744062e+01
2.408659378e-02 2.159839158e+01 5.638466060e+00
2.909335966e-02 5.521721395e+00 3.019069250e+00
3.410012554e-02 9.781882960e-01 1.666725642e+00
3.910689143e-02 2.200603681e+00 2.138573852e+00
4.411365731e-02 3.082960994e+00 2.397108597e+00
4.912042319e-02 3.233269945e+00 2.438122861e+00
5.412718908e-02 1.755415695e+00 1.976677351e+00
5.913395496e-02 1.712761485e+00 1.949970944e+00
6.414072084e-02 2.501424018e+00 2.250039782e+00
6.914748673e-02 3.629129287e-01 1.382175374e+00
7.415425261e-02 -4.029827059e-01 9.191118305e-01
7.916101850e-02 2.845739827e-01 1.362736003e+00
8.416778438e-02 3.896125946e-01 1.419192882e+00
8.917455026e-02 4.331821854e-01 1.458727446e+00
9.418131615e-02 1.541310935e+00 1.958592133e+00
9.918808203e-02 2.265511569e+00 2.187823052e+00
1.041948479e-01 1.419412168e+00 1.871635965e+00
1.092016138e-01 -1.060322042e+00 5.871218771e-02
1.142083797e-01 -1.070103459e+00 5.930240927e-02
1.192151456e-01 1.348610206e+00 1.854905457e+00
1.242219114e-01 2.181558847e+00 2.165065010e+00
1.292286773e-01 -3.661518721e-01 1.017392213e+00
1.342354432e-01 -4.497621399e-01 9.674246541e-01
1.392422091e-01 3.007378788e-01 1.433412325e+00
1.442489750e-01 -4.497395676e-01 1.011238088e+00
1.492557409e-01 1.272855131e+00 1.887231298e+00
1.542625068e-01 3.035038852e+00 2.481886030e+00
1.592692726e-01 1.957179287e-01 1.427676497e+00
1.642760385e-01 5.593681798e+00 3.422970378e+00
1.692828044e-01 2.393550966e+00 3.539784563e+00
1.742895703e-01 -3.342570199e-01 1.899031151e+00
1.792963362e-01 1.459809702e-01 1.429504325e+00
1.843031021e-01 9.232901291e-01 1.780203272e+00
1.893098679e-01 -1.893333916e-01 1.268283184e+00
1.943166338e-01 -9.170209811e-01 7.887501395e-01
1.993233997e-01 -8.829195907e-01 8.389815218e-01
2.043301656e-01 5.439497703e-02 1.453375372e+00
2.093369315e-01 3.008047906e+00 2.551794164e+00
2.143436974e-01 -3.578771594e-01 1.248747308e+00
2.193504632e-01 -1.331955741e+00 4.198400470e-01
2.243572291e-01 7.093094676e-04 1.470339909e+00
2.293639950e-01 -1.486234787e+00 7.731680917e-02
2.343707609e-01 -7.898081288e-01 1.021904136e+00
2.393775268e-01 -8.477073061e-01 9.929415726e-01
2.443842927e-01 -4.443356303e-01 1.270430041e+00
2.493910585e-01 9.211143043e-01 1.906265629e+00
2.543978244e-01 -5.109451484e-01 1.258811956e+00
2.594045903e-01 -1.608549818e+00 8.285190112e-02
2.644113562e-01 1.129390830e+00 2.004217819e+00
2.694181221e-01 8.780370061e-01 1.927041093e+00
2.744248880e-01 -1.680559125e+00 8.581789605e-02
2.794316538e-01 -1.699742354e+00 8.683348876e-02
2.844384197e-01 -8.878938753e-01 1.103075545e+00
2.894451856e-01 3.929856985e-01 1.779431652e+00
2.944519515e-01 -2.780641796e-01 1.463358539e+00
2.994587174e-01 -1.744558203e+00 8.987920579e-02
3.044654833e-01 8.343149693e-02 1.678780573e+00
3.094722491e-01 -4.858000680e-01 1.357869396e+00
3.144790150e-01 -9.833967171e-01 1.053246541e+00
3.194857809e-01 -1.421729036e+00 6.942676740e-01
3.244925468e-01 -2.281864602e-01 1.521854266e+00
3.294993127e-01 -1.775957707e+00 9.371384664e-02
3.345060786e-01 -8.958239997e-01 1.143836850e+00
3.395128445e-01 -4.699214385e-01 1.413177333e+00
3.445196103e-01 -1.114464548e+00 1.041813806e+00
3.495263762e-01 2.171528381e+00 2.471911810e+00
3.545331421e-01 3.073961881e-01 1.903029098e+00
3.595399080e-01 -1.701705829e+00 5.568969629e-01
3.645466739e-01 8.276836095e-01 2.008835634e+00
3.695534398e-01 8.718934103e-01 2.064135543e+00
3.745602056e-01 -4.229550272e-01 1.548974659e+00
3.795669715e-01 -5.416453265e-01 1.491969892e+00
3.845737374e-01 -4.199419033e-02 1.747708650e+00
3.895805033e-01 4.070462025e-01 1.929765554e+00
3.945872692e-01 -2.091813708e+00 1.090760893e-01
3.995940351e-01 -1.541917228e+00 9.240096564e-01
4.046008009e-01 -1.210519339e+00 1.168137175e+00
4.096075668e-01 -4.977543695e-02 1.790101471e+00
4.146143327e-01 2.001379942e-01 1.850178531e+00
4.196210986e-01 6.903317815e-01 2.042853305e+00
4.246278645e-01 -8.691254630e-01 1.421732834e+00
4.296346304e-01 7.747583056e-01 2.093365084e+00
4.346413962e-01 -2.206175334e+00 2.880915874e-01
4.396481621e-01 2.976974576e+00 2.770916269e+00
4.446549280e-01 1.430083075e+00 2.355302293e+00
4.496616939e-01 -1.033906182e+00 1.389763682e+00
4.546684598e-01 -7.883484071e-02 1.843988376e+00
4.596752257e-01 6.342465128e-01 2.163802741e+00
4.646819915e-01 -1.236657640e+00 1.228707978e+00
4.696887574e-01 -2.306880162e-01 2.178227173e+00
4.746955233e-01 1.654558866e+00 2.486479960e+00
4.797022892e-01 -5.412249295e-01 1.790276641e+00
4.847090551e-01 -2.181350183e-03 1.974616381e+00
4.897158210e-01 2.951664947e+00 4.282392320e+00
4.947225868e-01 5.673363720e+00 4.764887236e+00
4.997293527e-01 -6.705687737e-01 1.775636342e+00
5.047361186e-01 2.357082567e+00 2.777620010e+00
5.097428845e-01 1.102620698e+00 2.412347006e+00
5.147496504e-01 -4.316968368e-01 1.945498887e+00
5.197564163e-01 1.684965064e+00 2.826251003e+00
5.247631821e-01 7.011827147e+00 3.835139482e+00
5.297699480e-01 3.943610414e+00 3.243032890e+00
5.347767139e-01 5.054570801e-02 2.200977452e+00
5.397834798e-01 -2.873482913e-01 2.085046452e+00
5.447902457e-01 1.042612813e+00 2.512934817e+00
5.497970116e-01 1.886870193e+00 2.896820159e+00
5.548037775e-01 -2.604572794e+00 1.059797586e+00
5.598105433e-01 7.725969178e-01 2.625706802e+00
5.648173092e-01 4.205762304e-01 2.669433594e+00
5.698240751e-01 3.718250102e+00 3.642232663e+00
5.748308410e-01 1.665904025e+00 2.842828699e+00
5.798376069e-01 1.623009914e+00 2.845425932e+00
5.848443728e-01 1.703360082e+00 2.931216958e+00
5.898511386e-01 5.364704003e+00 3.769948445e+00
5.948579045e-01 -2.700945834e-01 2.445844076e+00
5.998646704e-01 -1.435630775e+00 2.098519326e+00
6.048714363e-01 -8.669823302e-01 2.314230713e+00
6.098782022e-01 2.763451360e-01 2.699198877e+00
6.148849681e-01 -3.229801680e-01 2.551021471e+00
6.198917339e-01 -3.105654087e+00 1.579253869e+00
6.248984998e-01 -5.155507628e-01 2.550748949e+00
6.299052657e-01 -5.437144346e-01 2.543991857e+00
6.349120316e-01 1.612977985e+00 3.477916422e+00
6.399187975e-01 1.692120381e+00 3.230246481e+00
6.449255634e-01 -1.730479158e+00 2.351769359e+00
6.499323292e-01 -5.410616029e-01 2.908678200e+00
6.549390951e-01 1.326596829e+00 3.336943429e+00
6.599458610e-01 5.045892571e-01 3.088826254e+00
6.649526269e-01 6.735257797e+00 4.572876126e+00
6.699593928e-01 1.141232823e+01 5.338900212e+00
6.749661587e-01 6.196343717e+00 4.322637961e+00
6.799729245e-01 1.065220886e+00 3.347264628e+00
6.849796904e-01 2.077463270e+00 3.604535398e+00
6.899864563e-01 3.035990556e+00 4.980758254e+00
6.949932222e-01 3.145495157e+00 4.138224367e+00
6.999999881e-01 4.568657525e-01 4.285965284e+00
