# MSlice Cut of workspace "LET77597_1.05meV_rings"
# Cut axis: DeltaE,-3.0,0.699999988079071,0.004999999888241291
# Integration axis: |Q|,0.7,0.7999999999999999,0.0
# (Energy Transfer (meV)) (Signal) (Error)
-3.000000000e+00          nan          nan
-2.994993234e+00          nan          nan
-2.989986468e+00          nan          nan
-2.984979702e+00          nan          nan
-2.979972936e+00          nan          nan
-2.974966171e+00          nan          nan
-2.969959405e+00          nan          nan
-2.964952639e+00          nan          nan
-2.959945873e+00          nan          nan
-2.954939107e+00          nan          nan
-2.949932341e+00          nan          nan
-2.944925575e+00          nan          nan
-2.939918809e+00          nan          nan
-2.934912044e+00          nan          nan
-2.929905278e+00          nan          nan
-2.924898512e+00          nan          nan
-2.919891746e+00          nan          nan
-2.914884980e+00          nan          nan
-2.909878214e+00          nan          nan
-2.904871448e+00          nan          nan
-2.899864682e+00          nan          nan
-2.894857916e+00          nan          nan
-2.889851151e+00          nan          nan
-2.884844385e+00          nan          nan
-2.879837619e+00          nan          nan
-2.874830853e+00          nan          nan
-2.869824087e+00          nan          nan
-2.864817321e+00          nan          nan
-2.859810555e+00          nan          nan
-2.854803789e+00          nan          nan
-2.849797023e+00          nan          nan
-2.844790258e+00          nan          nan
-2.839783492e+00          nan          nan
-2.834776726e+00          nan          nan
-2.829769960e+00          nan          nan
-2.824763194e+00          nan          nan
-2.819756428e+00          nan          nan
-2.814749662e+00          nan          nan
-2.809742896e+00          nan          nan
-2.804736131e+00          nan          nan
-2.799729365e+00          nan          nan
-2.794722599e+00          nan          nan
-2.789715833e+00          nan          nan
-2.784709067e+00          nan          nan
-2.779702301e+00          nan          nan
-2.774695535e+00          nan          nan
-2.769688769e+00          nan          nan
-2.764682003e+00          nan          nan
-2.759675238e+00          nan          nan
-2.754668472e+00          nan          nan
-2.749661706e+00          nan          nan
-2.744654940e+00          nan          nan
-2.739648174e+00          nan          nan
-2.734641408e+00          nan          nan
-2.729634642e+00          nan          nan
-2.724627876e+00          nan          nan
-2.719621111e+00          nan          nan
-2.714614345e+00          nan          nan
-2.709607579e+00          nan          nan
-2.704600813e+00          nan          nan
-2.699594047e+00          nan          nan
-2.694587281e+00          nan          nan
-2.689580515e+00          nan          nan
-2.684573749e+00          nan          nan
-2.679566983e+00          nan          nan
-2.674560218e+00          nan          nan
-2.669553452e+00          nan          nan
-2.664546686e+00          nan          nan
-2.659539920e+00          nan          nan
-2.654533154e+00          nan          nan
-2.649526388e+00          nan          nan
-2.644519622e+00          nan          nan
-2.639512856e+00          nan          nan
-2.634506090e+00          nan          nan
-2.629499325e+00          nan          nan
-2.624492559e+00          nan          nan
-2.619485793e+00          nan          nan
-2.614479027e+00          nan          nan
-2.609472261e+00          nan          nan
-2.604465495e+00          nan          nan
-2.599458729e+00          nan          nan
-2.594451963e+00          nan          nan
-2.589445198e+00          nan          nan
-2.584438432e+00          nan          nan
-2.579431666e+00          nan          nan
-2.574424900e+00          nan          nan
-2.569418134e+00          nan          nan
-2.564411368e+00          nan          nan
-2.559404602e+00          nan          nan
-2.554397836e+00          nan          nan
-2.549391070e+00          nan          nan
-2.544384305e+00          nan          nan
-2.539377539e+00          nan          nan
-2.534370773e+00          nan          nan
-2.529364007e+00          nan          nan
-2.524357241e+00          nan          nan
-2.519350475e+00          nan          nan
-2.514343709e+00          nan          nan
-2.509336943e+00          nan          nan
-2.504330178e+00          nan          nan
-2.499323412e+00          nan          nan
-2.494316646e+00          nan          nan
-2.489309880e+00          nan          nan
-2.484303114e+00          nan          nan
-2.479296348e+00          nan          nan
-2.474289582e+00          nan          nan
-2.469282816e+00          nan          nan
-2.464276050e+00          nan          nan
-2.459269285e+00          nan          nan
-2.454262519e+00          nan          nan
-2.449255753e+00          nan          nan
-2.444248987e+00          nan          nan
-2.439242221e+00          nan          nan
-2.434235455e+00          nan          nan
-2.429228689e+00          nan          nan
-2.424221923e+00          nan          nan
-2.419215157e+00          nan          nan
-2.414208392e+00          nan          nan
-2.409201626e+00          nan          nan
-2.404194860e+00          nan          nan
-2.399188094e+00          nan          nan
-2.394181328e+00          nan          nan
-2.389174562e+00          nan          nan
-2.384167796e+00          nan          nan
-2.379161030e+00          nan          nan
-2.374154265e+00          nan          nan
-2.369147499e+00          nan          nan
-2.364140733e+00          nan          nan
-2.359133967e+00          nan          nan
-2.354127201e+00          nan          nan
-2.349120435e+00          nan          nan
-2.344113669e+00          nan          nan
-2.339106903e+00          nan          nan
-2.334100137e+00          nan          nan
-2.329093372e+00          nan          nan
-2.324086606e+00          nan          nan
-2.319079840e+00          nan          nan
-2.314073074e+00          nan          nan
-2.309066308e+00          nan          nan
-2.304059542e+00          nan          nan
-2.299052776e+00          nan          nan
-2.294046010e+00          nan          nan
-2.289039245e+00          nan          nan
-2.284032479e+00          nan          nan
-2.279025713e+00          nan          nan
-2.274018947e+00          nan          nan
-2.269012181e+00          nan          nan
-2.264005415e+00          nan          nan
-2.258998649e+00          nan          nan
-2.253991883e+00          nan          nan
-2.248985117e+00          nan          nan
-2.243978352e+00          nan          nan
-2.238971586e+00          nan          nan
-2.233964820e+00          nan          nan
-2.228958054e+00          nan          nan
-2.223951288e+00          nan          nan
-2.218944522e+00          nan          nan
-2.213937756e+00          nan          nan
-2.208930990e+00          nan          nan
-2.203924224e+00          nan          nan
-2.198917459e+00          nan          nan
-2.193910693e+00          nan          nan
-2.188903927e+00          nan          nan
-2.183897161e+00          nan          nan
-2.178890395e+00          nan          nan
-2.173883629e+00          nan          nan
-2.168876863e+00          nan          nan
-2.163870097e+00          nan          nan
-2.158863332e+00          nan          nan
-2.153856566e+00          nan          nan
-2.148849800e+00          nan          nan
-2.143843034e+00          nan          nan
-2.138836268e+00          nan          nan
-2.133829502e+00          nan          nan
-2.128822736e+00          nan          nan
-2.123815970e+00          nan          nan
-2.118809204e+00          nan          nan
-2.113802439e+00          nan          nan
-2.108795673e+00          nan          nan
-2.103788907e+00          nan          nan
-2.098782141e+00          nan          nan
-2.093775375e+00          nan          nan
-2.088768609e+00          nan          nan
-2.083761843e+00          nan          nan
-2.078755077e+00          nan          nan
-2.073748312e+00          nan          nan
-2.068741546e+00          nan          nan
-2.063734780e+00          nan          nan
-2.058728014e+00          nan          nan
-2.053721248e+00          nan          nan
-2.048714482e+00          nan          nan
-2.043707716e+00          nan          nan
-2.038700950e+00          nan          nan
-2.033694184e+00          nan          nan
-2.028687419e+00          nan          nan
-2.023680653e+00          nan          nan
-2.018673887e+00          nan          nan
-2.013667121e+00          nan          nan
-2.008660355e+00          nan          nan
-2.003653589e+00          nan          nan
-1.998646823e+00          nan          nan
-1.993640057e+00          nan          nan
-1.988633291e+00          nan          nan
-1.983626526e+00          nan          nan
-1.978619760e+00          nan          nan
-1.973612994e+00          nan          nan
-1.968606228e+00          nan          nan
-1.963599462e+00          nan          nan
-1.958592696e+00          nan          nan
-1.953585930e+00          nan          nan
-1.948579164e+00          nan          nan
-1.943572399e+00          nan          nan
-1.938565633e+00          nan          nan
-1.933558867e+00          nan          nan
-1.928552101e+00          nan          nan
-1.923545335e+00          nan          nan
-1.918538569e+00          nan          nan
-1.913531803e+00          nan          nan
-1.908525037e+00          nan          nan
-1.903518271e+00          nan          nan
-1.898511506e+00          nan          nan
-1.893504740e+00          nan          nan
-1.888497974e+00          nan          nan
-1.883491208e+00          nan          nan
-1.878484442e+00          nan          nan
-1.873477676e+00          nan          nan
-1.868470910e+00          nan          nan
-1.863464144e+00          nan          nan
-1.858457379e+00          nan          nan
-1.853450613e+00          nan          nan
-1.848443847e+00          nan          nan
-1.843437081e+00          nan          nan
-1.838430315e+00          nan          nan
-1.833423549e+00          nan          nan
-1.828416783e+00          nan          nan
-1.823410017e+00          nan          nan
-1.818403251e+00          nan          nan
-1.813396486e+00          nan          nan
-1.808389720e+00          nan          nan
-1.803382954e+00          nan          nan
-1.798376188e+00          nan          nan
-1.793369422e+00          nan          nan
-1.788362656e+00          nan          nan
-1.783355890e+00          nan          nan
-1.778349124e+00          nan          nan
-1.773342358e+00          nan          nan
-1.768335593e+00          nan          nan
-1.763328827e+00          nan          nan
-1.758322061e+00          nan          nan
-1.753315295e+00          nan          nan
-1.748308529e+00          nan          nan
-1.743301763e+00          nan          nan
-1.738294997e+00          nan          nan
-1.733288231e+00          nan          nan
-1.728281466e+00          nan          nan
-1.723274700e+00          nan          nan
-1.718267934e+00          nan          nan
-1.713261168e+00          nan          nan
-1.708254402e+00          nan          nan
-1.703247636e+00          nan          nan
-1.698240870e+00          nan          nan
-1.693234104e+00          nan          nan
-1.688227338e+00          nan          nan
-1.683220573e+00          nan          nan
-1.678213807e+00          nan          nan
-1.673207041e+00          nan          nan
-1.668200275e+00          nan          nan
-1.663193509e+00          nan          nan
-1.658186743e+00          nan          nan
-1.653179977e+00          nan          nan
-1.648173211e+00          nan          nan
-1.643166446e+00          nan          nan
-1.638159680e+00          nan          nan
-1.633152914e+00          nan          nan
-1.628146148e+00          nan          nan
-1.623139382e+00          nan          nan
-1.618132616e+00          nan          nan
-1.613125850e+00          nan          nan
-1.608119084e+00          nan          nan
-1.603112318e+00          nan          nan
-1.598105553e+00          nan          nan
-1.593098787e+00          nan          nan
-1.588092021e+00          nan          nan
-1.583085255e+00          nan          nan
-1.578078489e+00          nan          nan
-1.573071723e+00          nan          nan
-1.568064957e+00          nan          nan
-1.563058191e+00          nan          nan
-1.558051425e+00          nan          nan
-1.553044660e+00          nan          nan
-1.548037894e+00          nan          nan
-1.543031128e+00          nan          nan
-1.538024362e+00          nan          nan
-1.533017596e+00          nan          nan
-1.528010830e+00          nan          nan
-1.523004064e+00          nan          nan
-1.517997298e+00          nan          nan
-1.512990533e+00          nan          nan
-1.507983767e+00          nan          nan
-1.502977001e+00          nan          nan
-1.497970235e+00          nan          nan
-1.492963469e+00          nan          nan
-1.487956703e+00          nan          nan
-1.482949937e+00          nan          nan
-1.477943171e+00          nan          nan
-1.472936405e+00          nan          nan
-1.467929640e+00          nan          nan
-1.462922874e+00          nan          nan
-1.457916108e+00          nan          nan
-1.452909342e+00          nan          nan
-1.447902576e+00          nan          nan
-1.442895810e+00          nan          nan
-1.437889044e+00          nan          nan
-1.432882278e+00          nan          nan
-1.427875513e+00          nan          nan
-1.422868747e+00          nan          nan
-1.417861981e+00          nan          nan
-1.412855215e+00          nan          nan
-1.407848449e+00          nan          nan
-1.402841683e+00          nan          nan
-1.397834917e+00          nan          nan
-1.392828151e+00          nan          nan
-1.387821385e+00          nan          nan
-1.382814620e+00          nan          nan
-1.377807854e+00          nan          nan
-1.372801088e+00          nan          nan
-1.367794322e+00          nan          nan
-1.362787556e+00          nan          nan
-1.357780790e+00          nan          nan
-1.352774024e+00          nan          nan
-1.347767258e+00          nan          nan
-1.342760492e+00          nan          nan
-1.337753727e+00          nan          nan
-1.332746961e+00          nan          nan
-1.327740195e+00          nan          nan
-1.322733429e+00          nan          nan
-1.317726663e+00          nan          nan
-1.312719897e+00          nan          nan
-1.307713131e+00          nan          nan
-1.302706365e+00          nan          nan
-1.297699600e+00          nan          nan
-1.292692834e+00          nan          nan
-1.287686068e+00          nan          nan
-1.282679302e+00          nan          nan
-1.277672536e+00          nan          nan
-1.272665770e+00          nan          nan
-1.267659004e+00          nan          nan
-1.262652238e+00          nan          nan
-1.257645472e+00          nan          nan
-1.252638707e+00          nan          nan
-1.247631941e+00          nan          nan
-1.242625175e+00          nan          nan
-1.237618409e+00          nan          nan
-1.232611643e+00          nan          nan
-1.227604877e+00          nan          nan
-1.222598111e+00          nan          nan
-1.217591345e+00          nan          nan
-1.212584580e+00          nan          nan
-1.207577814e+00          nan          nan
-1.202571048e+00          nan          nan
-1.197564282e+00          nan          nan
-1.192557516e+00          nan          nan
-1.187550750e+00          nan          nan
-1.182543984e+00          nan          nan
-1.177537218e+00          nan          nan
-1.172530452e+00          nan          nan
-1.167523687e+00          nan          nan
-1.162516921e+00          nan          nan
-1.157510155e+00          nan          nan
-1.152503389e+00          nan          nan
-1.147496623e+00          nan          nan
-1.142489857e+00          nan          nan
-1.137483091e+00          nan          nan
-1.132476325e+00          nan          nan
-1.127469559e+00          nan          nan
-1.122462794e+00          nan          nan
-1.117456028e+00          nan          nan
-1.112449262e+00          nan          nan
-1.107442496e+00          nan          nan
-1.102435730e+00          nan          nan
-1.097428964e+00          nan          nan
-1.092422198e+00          nan          nan
-1.087415432e+00          nan          nan
-1.082408667e+00          nan          nan
-1.077401901e+00          nan          nan
-1.072395135e+00          nan          nan
-1.067388369e+00          nan          nan
-1.062381603e+00          nan          nan
-1.057374837e+00          nan          nan
-1.052368071e+00          nan          nan
-1.047361305e+00          nan          nan
-1.042354539e+00          nan          nan
-1.037347774e+00          nan          nan
-1.032341008e+00          nan          nan
-1.027334242e+00          nan          nan
-1.022327476e+00          nan          nan
-1.017320710e+00          nan          nan
-1.012313944e+00          nan          nan
-1.007307178e+00          nan          nan
-1.002300412e+00          nan          nan
-9.972936465e-01          nan          nan
-9.922868806e-01          nan          nan
-9.872801147e-01          nan          nan
-9.822733489e-01          nan          nan
-9.772665830e-01          nan          nan
-9.722598171e-01          nan          nan
-9.672530512e-01          nan          nan
-9.622462853e-01          nan          nan
-9.572395194e-01          nan          nan
-9.522327536e-01          nan          nan
-9.472259877e-01          nan          nan
-9.422192218e-01          nan          nan
-9.372124559e-01          nan          nan
-9.322056900e-01          nan          nan
-9.271989241e-01          nan          nan
-9.221921583e-01          nan          nan
-9.171853924e-01          nan          nan
-9.121786265e-01          nan          nan
-9.071718606e-01          nan          nan
-9.021650947e-01          nan          nan
-8.971583288e-01          nan          nan
-8.921515629e-01          nan          nan
-8.871447971e-01          nan          nan
-8.821380312e-01          nan          nan
-8.771312653e-01          nan          nan
-8.721244994e-01          nan          nan
-8.671177335e-01          nan          nan
-8.621109676e-01          nan          nan
-8.571042018e-01          nan          nan
-8.520974359e-01          nan          nan
-8.470906700e-01          nan          nan
-8.420839041e-01          nan          nan
-8.370771382e-01 -2.510901514e-01 1.597295038e-02
-8.320703723e-01 9.919949241e-01 1.245079792e+00
-8.270636065e-01 -2.549953888e-01 1.618659859e-02
-8.220568406e-01 -2.570284578e-01 1.629986627e-02
-8.170500747e-01 -2.590800522e-01 1.641406941e-02
-8.120433088e-01 1.547280712e+00 1.808746177e+00
-8.070365429e-01 -2.642884685e-01 1.663893166e-02
-8.020297770e-01 -2.674612707e-01 1.678318834e-02
-7.970230112e-01 -2.703993341e-01 1.692128512e-02
-7.920162453e-01 -2.733660874e-01 1.706096629e-02
-7.870094794e-01 -2.763822438e-01 1.720302201e-02
-7.820027135e-01 1.027067594e+00 1.411362183e+00
-7.769959476e-01 4.432768505e-01 9.844883393e-01
-7.719891817e-01 -1.325969536e-01 4.391985648e-01
-7.669824159e-01 -2.890980158e-01 1.775184871e-02
-7.619756500e-01 -2.920979091e-01 1.789367563e-02
-7.569688841e-01 -2.951277614e-01 1.803670288e-02
-7.519621182e-01 -2.981331985e-01 1.817614671e-02
-7.469553523e-01 -3.006853345e-01 1.827467375e-02
-7.419485864e-01 -3.030984004e-01 1.837451529e-02
-7.369418206e-01 -3.048854270e-01 1.850291022e-02
-7.319350547e-01 -3.059913376e-01 1.859849712e-02
-7.269282888e-01 8.910435528e-01 1.331711842e+00
-7.219215229e-01 -2.611603277e-02 6.462545502e-01
-7.169147570e-01 -3.091290677e-01 1.884478565e-02
-7.119079911e-01 -3.102299252e-01 1.890034434e-02
-7.069012253e-01 -3.111388758e-01 1.899820718e-02
-7.018944594e-01 1.604932869e-01 8.186546424e-01
-6.968876935e-01 6.321720706e-01 1.157778702e+00
-6.918809276e-01 -3.140247562e-01 1.928453845e-02
-6.868741617e-01 -3.152958235e-01 1.935943864e-02
-6.818673958e-01 -3.167891616e-01 1.942452579e-02
-6.768606299e-01 -3.183482293e-01 1.951530943e-02
-6.718538641e-01 -3.197208782e-01 1.964661641e-02
-6.668470982e-01 -3.211779214e-01 1.975055283e-02
-6.618403323e-01 -3.226684165e-01 1.984936854e-02
-6.568335664e-01 -3.247440226e-01 1.994616059e-02
-6.518268005e-01 -3.275865967e-01 2.003988694e-02
-6.468200346e-01 -3.304342268e-01 2.014289418e-02
-6.418132688e-01 -3.327657116e-01 2.027224678e-02
-6.368065029e-01 -3.347985198e-01 2.038532190e-02
-6.317997370e-01 -3.368787320e-01 2.047495336e-02
-6.267929711e-01 2.867912146e+00 2.337101543e+00
-6.217862052e-01 1.016842325e+00 1.433480592e+00
-6.167794393e-01 8.535145444e-01 1.261187100e+00
-6.117726735e-01 2.162588152e-02 6.893106499e-01
-6.067659076e-01 -3.490867307e-01 2.089862193e-02
-6.017591417e-01 -3.522531471e-01 2.102161335e-02
-5.967523758e-01 -1.478221545e-01 5.241640121e-01
-5.917456099e-01 4.199469407e-01 1.037383573e+00
-5.867388440e-01 7.505427474e-01 1.273679846e+00
-5.817320782e-01 -3.009913629e-01 2.837069401e-01
-5.767253123e-01 8.725379380e-01 1.267816769e+00
-5.717185464e-01 -3.668945299e-01 2.155399539e-02
-5.667117805e-01 9.749736175e-02 7.891103883e-01
-5.617050146e-01 1.138965262e+00 1.433974194e+00
-5.566982487e-01 -3.787350196e-01 2.194513504e-02
-5.516914829e-01 -3.826294485e-01 2.210074394e-02
-5.466847170e-01 1.335415298e-01 8.428509251e-01
-5.416779511e-01 4.573859300e-01 1.077697658e+00
-5.366711852e-01 -3.938261243e-01 2.261486156e-02
-5.316644193e-01 -3.966142526e-01 2.270776910e-02
-5.266576534e-01 -3.995169979e-01 2.281035809e-02
-5.216508876e-01 -4.030053502e-01 2.296434189e-02
-5.166441217e-01 8.360652840e-01 1.381271705e+00
-5.116373558e-01 -1.173899483e-01 6.718680569e-01
-5.066305899e-01 1.076871850e+00 1.491540941e+00
-5.016238240e-01 3.614081902e-01 1.077215176e+00
-4.966170581e-01 2.849035821e-01 1.023705704e+00
-4.916102922e-01 -4.237009031e-01 2.386422271e-02
-4.866035264e-01 1.025121463e+00 1.451314295e+00
-4.815967605e-01 -4.284156616e-01 2.413205937e-02
-4.765899946e-01 -4.314147317e-01 2.429155376e-02
-4.715832287e-01 -4.347496847e-01 2.441854814e-02
-4.665764628e-01 -4.384154983e-01 2.455443670e-02
-4.615696969e-01 -4.427361817e-01 2.474056007e-02
-4.565629311e-01 -4.471317258e-01 2.493061819e-02
-4.515561652e-01 -4.516410479e-01 2.512716883e-02
-4.465493993e-01 7.842473311e-01 1.299807738e+00
-4.415426334e-01 9.150445670e-01 1.368270986e+00
-4.365358675e-01 -4.663508940e-01 2.570956471e-02
-4.315291016e-01 -4.710482432e-01 2.591204700e-02
-4.265223358e-01 -4.757982769e-01 2.611664790e-02
-4.215155699e-01 -4.805799050e-01 2.631833961e-02
-4.165088040e-01 9.834998647e-01 1.469327391e+00
-4.115020381e-01 -4.907235035e-01 2.672423137e-02
-4.064952722e-01 -4.952529857e-01 2.691689879e-02
-4.014885063e-01 8.540464424e-01 1.353867613e+00
-3.964817405e-01 -5.038919231e-01 2.731289829e-02
-3.914749746e-01 -5.082596732e-01 2.750065832e-02
-3.864682087e-01 -5.125857942e-01 2.766215381e-02
-3.814614428e-01 -5.169457778e-01 2.785860250e-02
-3.764546769e-01 -5.211540413e-01 2.807160719e-02
-3.714479110e-01 -4.542825342e-01 3.249857154e-01
-3.664411452e-01 8.837690330e-01 1.447694409e+00
-3.614343793e-01 -5.329305308e-01 2.861735139e-02
-3.564276134e-01 1.725262948e+00 1.800865511e+00
-3.514208475e-01 -5.412779360e-01 2.896682657e-02
-3.464140816e-01 -5.454113965e-01 2.920596163e-02
-3.414073157e-01 -3.663467972e-02 8.423873504e-01
-3.364005499e-01 2.449752493e-02 8.936676074e-01
-3.313937840e-01 4.419941807e-02 9.144441194e-01
-3.263870181e-01 1.112073757e+00 1.527288337e+00
-3.213802522e-01 1.480829657e+00 1.708231702e+00
-3.163734863e-01 7.905261073e-01 1.360733760e+00
-3.113667204e-01 -5.749317552e-01 3.129452646e-02
-3.063599546e-01 -5.799311432e-01 3.082145000e-02
-3.013531887e-01 -5.847128778e-01 3.098798447e-02
-2.963464228e-01 -5.894579511e-01 3.116091042e-02
-2.913396569e-01 1.369350006e-01 1.010651077e+00
-2.863328910e-01 1.476960350e+00 1.709182933e+00
-2.813261251e-01 -6.047381762e-01 3.196535017e-02
-2.763193592e-01 -2.763311362e-01 6.840844582e-01
-2.713125934e-01 4.476015601e-01 1.217250975e+00
-2.663058275e-01 -6.193196050e-01 3.252407181e-02
-2.612990616e-01 -6.243268072e-01 3.278055626e-02
-2.562922957e-01 1.987980178e+00 1.921080574e+00
-2.512855298e-01 9.762278749e-01 1.507035369e+00
-2.462787639e-01 7.348243719e-01 1.373439887e+00
-2.412719981e-01 -6.420070536e-01 3.365462905e-02
-2.362652322e-01 -6.461487079e-01 3.387132687e-02
-2.312584663e-01 -1.166806226e-01 8.651110813e-01
-2.262517004e-01 1.618542308e+00 1.786323812e+00
-2.212449345e-01 -6.582610833e-01 3.459819977e-02
-2.162381686e-01 -5.277477044e-01 4.366962534e-01
-2.112314028e-01 6.067843428e-01 1.339215930e+00
-2.062246369e-01 -6.718527693e-01 3.529755794e-02
-2.012178710e-01 4.668129988e-01 1.271728400e+00
-1.962111051e-01 -4.130248025e-01 6.176130481e-01
-1.912043392e-01 1.926814481e-01 1.119181291e+00
-1.861975733e-01 9.054583328e-01 1.595501311e+00
-1.811908075e-01 -6.986733316e-01 3.689324503e-02
-1.761840416e-01 -7.045968689e-01 3.725351787e-02
-1.711772757e-01 -7.104480194e-01 3.759419563e-02
-1.661705098e-01 -7.171073925e-01 3.797045120e-02
-1.611637439e-01 -7.238385109e-01 3.838143690e-02
-1.561569780e-01 -7.306563647e-01 3.879012446e-02
-1.511502122e-01 -7.378137555e-01 3.919099564e-02
-1.461434463e-01 6.616100071e-01 1.407232902e+00
-1.411366804e-01 -7.527124301e-01 3.994178333e-02
-1.361299145e-01 -7.605434362e-01 4.035656323e-02
-1.311231486e-01 4.044778235e-02 1.172450510e+00
-1.261163827e-01 1.201344331e+00 1.810296252e+00
-1.211096169e-01 1.004395035e+00 1.703938624e+00
-1.161028510e-01 6.287267760e-01 1.421971536e+00
-1.110960851e-01 1.029547797e+00 1.751428261e+00
-1.060893192e-01 4.939591232e-01 1.371508151e+00
-1.010825533e-01 -8.190669631e-01 4.329540933e-02
-9.607578743e-02 3.341939079e-01 1.291302859e+00
-9.106902155e-02 2.570746287e+00 2.310040430e+00
-8.606225567e-02 -8.412766788e-01 4.434878468e-02
-8.105548978e-02 2.026616380e+00 2.033285810e+00
-7.604872390e-02 -8.532726030e-01 4.510288468e-02
-7.104195802e-02 -1.755934520e-01 1.070829466e+00
-6.603519213e-02 -8.631147314e-01 4.581232932e-02
-6.102842625e-02 5.856151275e-01 1.454800564e+00
-5.602166036e-02 -8.737325243e-01 4.639186262e-02
-5.101489448e-02 4.964219201e-01 1.410236729e+00
-4.600812860e-02 1.680556074e+00 1.932570153e+00
-4.100136271e-02 4.508921330e+00 2.803459330e+00
-3.599459683e-02 1.399276914e+01 4.762355430e+00
-3.098783095e-02 6.447073473e+01 1.000141190e+01
-2.598106506e-02 1.801173771e+02 1.709903207e+01
-2.097429918e-02 4.568642356e+02 2.689129183e+01
-1.596753329e-02 9.869220107e+02 3.941991631e+01
-1.096076741e-02 1.900941623e+03 5.484819701e+01
-5.954001527e-03 2.865071463e+03 6.724198077e+01
-9.472356436e-04 3.169466033e+03 7.063831874e+01
4.059530240e-03 2.560615750e+03 6.372779868e+01
9.066296124e-03 1.444403176e+03 4.778231734e+01
1.407306201e-02 5.401562875e+02 2.925147384e+01
1.907982789e-02 1.154264613e+02 1.356823302e+01
2.408659378e-02 1.890135069e+01 5.585717070e+00
2.909335966e-02 2.030774706e+00 2.141570668e+00
3.410012554e-02 6.859336682e-01 1.695067236e+00
3.910689143e-02 1.177699770e+00 1.809566694e+00
4.411365731e-02 1.767483694e+00 2.024447807e+00
4.912042319e-02 2.448966427e+00 2.273493341e+00
5.412718908e-02 2.471707116e+00 2.557060993e+00
5.913395496e-02 5.461417859e-01 1.656080165e+00
6.414072084e-02 1.368411110e+00 1.912020119e+00
6.914748673e-02 1.937493301e+00 2.181141332e+00
7.415425261e-02 1.143602765e+00 1.857227666e+00
7.916101850e-02 9.753019345e-01 1.757897066e+00
8.416778438e-02 1.050400317e+00 1.795976592e+00
8.917455026e-02 3.392178922e+00 2.727766787e+00
9.418131615e-02 7.194047730e-01 1.679480326e+00
9.918808203e-02 -7.012045854e-01 8.580861030e-01
1.041948479e-01 3.637618816e-01 1.523875451e+00
1.092016138e-01 3.729451699e+00 3.022324616e+00
1.142083797e-01 -8.751512283e-01 8.494154229e-01
1.192151456e-01 3.199631711e+00 2.897328410e+00
1.242219114e-01 -1.362695146e-01 1.512433829e+00
1.292286773e-01 2.426671004e-01 1.493210891e+00
1.342354432e-01 -5.673917855e-01 1.029809008e+00
1.392422091e-01 8.027577247e-01 1.818433172e+00
1.442489750e-01 -1.687054700e-01 1.389847530e+00
1.492557409e-01 -1.063901775e+00 6.548918077e-01
1.542625068e-01 2.251148871e-01 1.625911627e+00
1.592692726e-01 2.204506139e-02 1.422244217e+00
1.642760385e-01 -1.185822842e-01 1.354857155e+00
1.692828044e-01 -4.611371542e-02 1.493360925e+00
1.742895703e-01 -9.516175829e-01 8.320281329e-01
1.792963362e-01 -1.367199826e+00 7.075561481e-02
1.843031021e-01 -4.647370076e-01 1.174722933e+00
1.893098679e-01 1.416191900e+00 2.060606764e+00
1.943166338e-01 -9.138620940e-01 8.688379320e-01
1.993233997e-01 -4.005342493e-01 1.250208068e+00
2.043301656e-01 -1.430515564e+00 7.415803841e-02
2.093369315e-01 -1.443624915e+00 7.493873250e-02
2.143436974e-01 -1.455806070e+00 7.562908466e-02
2.193504632e-01 -1.469281325e+00 7.633869839e-02
2.243572291e-01 6.879176005e-03 1.493722523e+00
2.293639950e-01 1.463933566e+00 2.388595139e+00
2.343707609e-01 1.855134997e-01 1.830064164e+00
2.393775268e-01 -7.980095711e-01 1.069231256e+00
2.443842927e-01 -1.168955924e+00 7.655400664e-01
2.493910585e-01 1.011999908e+00 2.099797639e+00
2.543978244e-01 -1.581419073e+00 8.198295647e-02
2.594045903e-01 -1.595723485e+00 8.264329629e-02
2.644113562e-01 -1.612062253e+00 8.361331008e-02
2.694181221e-01 1.770556496e+00 2.369064321e+00
2.744248880e-01 7.865029883e-02 1.637605376e+00
2.794316538e-01 2.281595027e+00 2.603303824e+00
2.844384197e-01 4.013962655e+00 3.347522964e+00
2.894451856e-01 3.207276948e-01 1.830645300e+00
2.944519515e-01 -1.890924423e-01 1.558190854e+00
2.994587174e-01 1.523653722e+00 2.339261801e+00
3.044654833e-01 -1.239838527e-01 1.687005568e+00
3.094722491e-01 -1.777033696e+00 3.343859080e-01
3.144790150e-01 3.562238028e+00 2.966253029e+00
3.194857809e-01 -1.916700930e+00 9.761185659e-02
3.244925468e-01 8.334158459e-01 2.073068368e+00
3.294993127e-01 9.526310195e-01 2.132867368e+00
3.345060786e-01 -1.579180071e+00 8.389095814e-01
3.395128445e-01 -3.514018176e-01 1.702699073e+00
3.445196103e-01 7.808912525e-01 2.166865122e+00
3.495263762e-01 1.720429283e-01 1.893459230e+00
3.545331421e-01 -1.514295834e-02 1.821706816e+00
3.595399080e-01 2.917730574e+00 2.813688374e+00
3.645466739e-01 -2.204676747e+00 1.085158754e-01
3.695534398e-01 -2.229493307e+00 1.097303766e-01
3.745602056e-01 1.403620937e+00 2.431537679e+00
3.795669715e-01 -4.670152465e-01 1.688601381e+00
3.845737374e-01 -1.158070750e+00 1.386369693e+00
3.895805033e-01 9.322258716e-01 2.353254396e+00
3.945872692e-01 -1.459116658e-01 1.865652473e+00
3.995940351e-01 -7.012378485e-01 1.629834074e+00
4.046008009e-01 -1.946075921e+00 8.559337153e-01
4.096075668e-01 2.649054644e-01 2.067821452e+00
4.146143327e-01 -2.482393532e+00 1.204304165e-01
4.196210986e-01 5.843689612e-01 2.204003961e+00
4.246278645e-01 3.399998109e+00 3.184299087e+00
4.296346304e-01 2.521836250e+00 2.854315472e+00
4.346413962e-01 -1.555407044e+00 1.418365074e+00
4.396481621e-01 -1.359416654e+00 1.596348451e+00
4.446549280e-01 -2.779248103e+00 1.317577020e-01
4.496616939e-01 -5.276348768e-01 1.930748353e+00
4.546684598e-01 -9.124699444e-01 1.773235047e+00
4.596752257e-01 -2.095939879e-02 2.164343885e+00
4.646819915e-01 -2.988143891e-01 2.073870134e+00
4.696887574e-01 -1.522809486e+00 1.534282672e+00
4.746955233e-01 -4.253870469e-02 2.188742801e+00
4.797022892e-01 3.191335901e+00 3.199654131e+00
4.847090551e-01 4.467361634e+00 3.486156864e+00
4.897158210e-01 1.778898175e+00 2.795302141e+00
4.947225868e-01 -2.040269632e-01 2.183014976e+00
4.997293527e-01 -1.824441346e+00 1.512704329e+00
5.047361186e-01 1.311982918e+00 2.712794924e+00
5.097428845e-01 -1.014882195e+00 1.937163387e+00
5.147496504e-01 1.942466382e+00 2.945308280e+00
5.197564163e-01 -2.190713840e+00 1.447883188e+00
5.247631821e-01 -3.975890125e-01 2.239855910e+00
5.297699480e-01 -2.056578221e+00 1.573557568e+00
5.347767139e-01 -6.940831066e-01 2.231775434e+00
5.397834798e-01 1.452042467e+00 2.902081755e+00
5.447902457e-01 -8.789866654e-01 2.170194315e+00
5.497970116e-01 -1.193848382e+00 2.112563692e+00
5.548037775e-01 1.727254990e+00 3.017346725e+00
5.598105433e-01 -1.984094170e+00 1.819787863e+00
5.648173092e-01 1.651952977e+00 3.059123142e+00
5.698240751e-01 -2.173611352e+00 1.855884021e+00
5.748308410e-01 -1.892392047e+00 2.143036149e+00
5.798376069e-01 -2.196256203e-01 4.262192565e+00
5.848443728e-01 -2.849508275e+00 1.623883092e+00
5.898511386e-01 -2.010138747e+00 2.069025001e+00
5.948579045e-01 -3.861834584e+00 1.163342376e+00
5.998646704e-01 -1.437637084e+00 2.356719438e+00
6.048714363e-01 -2.943483077e+00 1.784226362e+00
6.098782022e-01 8.672476049e-01 3.102026892e+00
6.148849681e-01 9.507323396e-01 3.138981126e+00
6.198917339e-01 -1.003422325e+00 2.613455268e+00
6.248984998e-01 -1.976631085e+00 2.350590923e+00
6.299052657e-01 -2.348590320e+00 2.235275264e+00
6.349120316e-01 -2.330696804e+00 2.302569833e+00
6.399187975e-01 5.084302920e-01 3.210263500e+00
6.449255634e-01 -2.394041702e+00 2.359659770e+00
6.499323292e-01 -3.445511558e+00 2.023019432e+00
6.549390951e-01 1.302218209e-01 3.227251596e+00
6.599458610e-01 2.806781511e+00 3.851887322e+00
6.649526269e-01 2.001717017e+00 3.734861401e+00
6.699593928e-01 1.095050341e+01 5.581356522e+00
6.749661587e-01 9.248679607e-01 3.577991214e+00
6.799729245e-01 4.813876275e+00 5.622610407e+00
6.849796904e-01 -3.951708472e+00 2.290336535e+00
6.899864563e-01 -4.656980583e-02 3.443523282e+00
6.949932222e-01 7.246684419e+00 4.917716678e+00
6.999999881e-01 1.417962525e+00 3.854565143e+00
