# MSlice Cut of workspace "LET77597_1.05meV_rings"
# Cut axis: DeltaE,-3.0,0.699999988079071,0.004999999888241291
# Integration axis: |Q|,1.2,1.3,0.0
# (Energy Transfer (meV)) (Signal) (Error)
-3.000000000e+00          nan          nan
-2.994993234e+00          nan          nan
-2.989986468e+00          nan          nan
-2.984979702e+00          nan          nan
-2.979972936e+00          nan          nan
-2.974966171e+00          nan          nan
-2.969959405e+00          nan          nan
-2.964952639e+00          nan          nan
-2.959945873e+00          nan          nan
-2.954939107e+00          nan          nan
-2.949932341e+00          nan          nan
-2.944925575e+00          nan          nan
-2.939918809e+00          nan          nan
-2.934912044e+00          nan          nan
-2.929905278e+00          nan          nan
-2.924898512e+00          nan          nan
-2.919891746e+00          nan          nan
-2.914884980e+00          nan          nan
-2.909878214e+00          nan          nan
-2.904871448e+00          nan          nan
-2.899864682e+00          nan          nan
-2.894857916e+00          nan          nan
-2.889851151e+00          nan          nan
-2.884844385e+00          nan          nan
-2.879837619e+00          nan          nan
-2.874830853e+00          nan          nan
-2.869824087e+00          nan          nan
-2.864817321e+00          nan          nan
-2.859810555e+00          nan          nan
-2.854803789e+00          nan          nan
-2.849797023e+00          nan          nan
-2.844790258e+00          nan          nan
-2.839783492e+00          nan          nan
-2.834776726e+00          nan          nan
-2.829769960e+00          nan          nan
-2.824763194e+00          nan          nan
-2.819756428e+00          nan          nan
-2.814749662e+00          nan          nan
-2.809742896e+00          nan          nan
-2.804736131e+00          nan          nan
-2.799729365e+00          nan          nan
-2.794722599e+00          nan          nan
-2.789715833e+00          nan          nan
-2.784709067e+00          nan          nan
-2.779702301e+00          nan          nan
-2.774695535e+00          nan          nan
-2.769688769e+00          nan          nan
-2.764682003e+00          nan          nan
-2.759675238e+00          nan          nan
-2.754668472e+00          nan          nan
-2.749661706e+00          nan          nan
-2.744654940e+00          nan          nan
-2.739648174e+00          nan          nan
-2.734641408e+00          nan          nan
-2.729634642e+00          nan          nan
-2.724627876e+00          nan          nan
-2.719621111e+00          nan          nan
-2.714614345e+00          nan          nan
-2.709607579e+00          nan          nan
-2.704600813e+00          nan          nan
-2.699594047e+00          nan          nan
-2.694587281e+00          nan          nan
-2.689580515e+00          nan          nan
-2.684573749e+00          nan          nan
-2.679566983e+00          nan          nan
-2.674560218e+00          nan          nan
-2.669553452e+00          nan          nan
-2.664546686e+00          nan          nan
-2.659539920e+00          nan          nan
-2.654533154e+00          nan          nan
-2.649526388e+00          nan          nan
-2.644519622e+00          nan          nan
-2.639512856e+00          nan          nan
-2.634506090e+00          nan          nan
-2.629499325e+00          nan          nan
-2.624492559e+00          nan          nan
-2.619485793e+00          nan          nan
-2.614479027e+00          nan          nan
-2.609472261e+00          nan          nan
-2.604465495e+00          nan          nan
-2.599458729e+00          nan          nan
-2.594451963e+00          nan          nan
-2.589445198e+00          nan          nan
-2.584438432e+00          nan          nan
-2.579431666e+00          nan          nan
-2.574424900e+00          nan          nan
-2.569418134e+00          nan          nan
-2.564411368e+00          nan          nan
-2.559404602e+00          nan          nan
-2.554397836e+00          nan          nan
-2.549391070e+00          nan          nan
-2.544384305e+00          nan          nan
-2.539377539e+00          nan          nan
-2.534370773e+00          nan          nan
-2.529364007e+00          nan          nan
-2.524357241e+00          nan          nan
-2.519350475e+00          nan          nan
-2.514343709e+00          nan          nan
-2.509336943e+00          nan          nan
-2.504330178e+00          nan          nan
-2.499323412e+00          nan          nan
-2.494316646e+00          nan          nan
-2.489309880e+00          nan          nan
-2.484303114e+00          nan          nan
-2.479296348e+00          nan          nan
-2.474289582e+00          nan          nan
-2.469282816e+00          nan          nan
-2.464276050e+00          nan          nan
-2.459269285e+00          nan          nan
-2.454262519e+00          nan          nan
-2.449255753e+00          nan          nan
-2.444248987e+00          nan          nan
-2.439242221e+00          nan          nan
-2.434235455e+00          nan          nan
-2.429228689e+00          nan          nan
-2.424221923e+00          nan          nan
-2.419215157e+00          nan          nan
-2.414208392e+00          nan          nan
-2.409201626e+00          nan          nan
-2.404194860e+00          nan          nan
-2.399188094e+00          nan          nan
-2.394181328e+00          nan          nan
-2.389174562e+00          nan          nan
-2.384167796e+00          nan          nan
-2.379161030e+00          nan          nan
-2.374154265e+00          nan          nan
-2.369147499e+00          nan          nan
-2.364140733e+00          nan          nan
-2.359133967e+00          nan          nan
-2.354127201e+00          nan          nan
-2.349120435e+00          nan          nan
-2.344113669e+00          nan          nan
-2.339106903e+00          nan          nan
-2.334100137e+00          nan          nan
-2.329093372e+00          nan          nan
-2.324086606e+00          nan          nan
-2.319079840e+00          nan          nan
-2.314073074e+00          nan          nan
-2.309066308e+00          nan          nan
-2.304059542e+00          nan          nan
-2.299052776e+00          nan          nan
-2.294046010e+00          nan          nan
-2.289039245e+00          nan          nan
-2.284032479e+00          nan          nan
-2.279025713e+00          nan          nan
-2.274018947e+00          nan          nan
-2.269012181e+00          nan          nan
-2.264005415e+00          nan          nan
-2.258998649e+00          nan          nan
-2.253991883e+00          nan          nan
-2.248985117e+00          nan          nan
-2.243978352e+00          nan          nan
-2.238971586e+00          nan          nan
-2.233964820e+00          nan          nan
-2.228958054e+00          nan          nan
-2.223951288e+00          nan          nan
-2.218944522e+00          nan          nan
-2.213937756e+00          nan          nan
-2.208930990e+00          nan          nan
-2.203924224e+00          nan          nan
-2.198917459e+00          nan          nan
-2.193910693e+00          nan          nan
-2.188903927e+00          nan          nan
-2.183897161e+00          nan          nan
-2.178890395e+00          nan          nan
-2.173883629e+00          nan          nan
-2.168876863e+00          nan          nan
-2.163870097e+00          nan          nan
-2.158863332e+00          nan          nan
-2.153856566e+00          nan          nan
-2.148849800e+00          nan          nan
-2.143843034e+00          nan          nan
-2.138836268e+00          nan          nan
-2.133829502e+00          nan          nan
-2.128822736e+00          nan          nan
-2.123815970e+00          nan          nan
-2.118809204e+00          nan          nan
-2.113802439e+00          nan          nan
-2.108795673e+00          nan          nan
-2.103788907e+00          nan          nan
-2.098782141e+00          nan          nan
-2.093775375e+00          nan          nan
-2.088768609e+00          nan          nan
-2.083761843e+00          nan          nan
-2.078755077e+00          nan          nan
-2.073748312e+00          nan          nan
-2.068741546e+00          nan          nan
-2.063734780e+00          nan          nan
-2.058728014e+00          nan          nan
-2.053721248e+00          nan          nan
-2.048714482e+00          nan          nan
-2.043707716e+00          nan          nan
-2.038700950e+00          nan          nan
-2.033694184e+00          nan          nan
-2.028687419e+00          nan          nan
-2.023680653e+00          nan          nan
-2.018673887e+00          nan          nan
-2.013667121e+00          nan          nan
-2.008660355e+00          nan          nan
-2.003653589e+00          nan          nan
-1.998646823e+00          nan          nan
-1.993640057e+00          nan          nan
-1.988633291e+00          nan          nan
-1.983626526e+00          nan          nan
-1.978619760e+00          nan          nan
-1.973612994e+00          nan          nan
-1.968606228e+00          nan          nan
-1.963599462e+00          nan          nan
-1.958592696e+00          nan          nan
-1.953585930e+00          nan          nan
-1.948579164e+00          nan          nan
-1.943572399e+00          nan          nan
-1.938565633e+00          nan          nan
-1.933558867e+00          nan          nan
-1.928552101e+00          nan          nan
-1.923545335e+00          nan          nan
-1.918538569e+00          nan          nan
-1.913531803e+00          nan          nan
-1.908525037e+00          nan          nan
-1.903518271e+00          nan          nan
-1.898511506e+00          nan          nan
-1.893504740e+00          nan          nan
-1.888497974e+00          nan          nan
-1.883491208e+00          nan          nan
-1.878484442e+00          nan          nan
-1.873477676e+00          nan          nan
-1.868470910e+00          nan          nan
-1.863464144e+00          nan          nan
-1.858457379e+00          nan          nan
-1.853450613e+00          nan          nan
-1.848443847e+00          nan          nan
-1.843437081e+00          nan          nan
-1.838430315e+00          nan          nan
-1.833423549e+00          nan          nan
-1.828416783e+00          nan          nan
-1.823410017e+00          nan          nan
-1.818403251e+00          nan          nan
-1.813396486e+00          nan          nan
-1.808389720e+00          nan          nan
-1.803382954e+00          nan          nan
-1.798376188e+00          nan          nan
-1.793369422e+00          nan          nan
-1.788362656e+00          nan          nan
-1.783355890e+00          nan          nan
-1.778349124e+00          nan          nan
-1.773342358e+00          nan          nan
-1.768335593e+00          nan          nan
-1.763328827e+00          nan          nan
-1.758322061e+00          nan          nan
-1.753315295e+00          nan          nan
-1.748308529e+00          nan          nan
-1.743301763e+00          nan          nan
-1.738294997e+00          nan          nan
-1.733288231e+00          nan          nan
-1.728281466e+00          nan          nan
-1.723274700e+00          nan          nan
-1.718267934e+00          nan          nan
-1.713261168e+00          nan          nan
-1.708254402e+00          nan          nan
-1.703247636e+00          nan          nan
-1.698240870e+00          nan          nan
-1.693234104e+00          nan          nan
-1.688227338e+00          nan          nan
-1.683220573e+00          nan          nan
-1.678213807e+00          nan          nan
-1.673207041e+00          nan          nan
-1.668200275e+00          nan          nan
-1.663193509e+00          nan          nan
-1.658186743e+00          nan          nan
-1.653179977e+00          nan          nan
-1.648173211e+00          nan          nan
-1.643166446e+00          nan          nan
-1.638159680e+00          nan          nan
-1.633152914e+00          nan          nan
-1.628146148e+00          nan          nan
-1.623139382e+00          nan          nan
-1.618132616e+00          nan          nan
-1.613125850e+00          nan          nan
-1.608119084e+00          nan          nan
-1.603112318e+00          nan          nan
-1.598105553e+00          nan          nan
-1.593098787e+00          nan          nan
-1.588092021e+00          nan          nan
-1.583085255e+00          nan          nan
-1.578078489e+00          nan          nan
-1.573071723e+00          nan          nan
-1.568064957e+00          nan          nan
-1.563058191e+00          nan          nan
-1.558051425e+00          nan          nan
-1.553044660e+00          nan          nan
-1.548037894e+00          nan          nan
-1.543031128e+00          nan          nan
-1.538024362e+00          nan          nan
-1.533017596e+00          nan          nan
-1.528010830e+00          nan          nan
-1.523004064e+00          nan          nan
-1.517997298e+00          nan          nan
-1.512990533e+00          nan          nan
-1.507983767e+00          nan          nan
-1.502977001e+00          nan          nan
-1.497970235e+00          nan          nan
-1.492963469e+00          nan          nan
-1.487956703e+00          nan          nan
-1.482949937e+00          nan          nan
-1.477943171e+00          nan          nan
-1.472936405e+00          nan          nan
-1.467929640e+00          nan          nan
-1.462922874e+00          nan          nan
-1.457916108e+00          nan          nan
-1.452909342e+00          nan          nan
-1.447902576e+00          nan          nan
-1.442895810e+00          nan          nan
-1.437889044e+00          nan          nan
-1.432882278e+00          nan          nan
-1.427875513e+00          nan          nan
-1.422868747e+00          nan          nan
-1.417861981e+00          nan          nan
-1.412855215e+00          nan          nan
-1.407848449e+00          nan          nan
-1.402841683e+00          nan          nan
-1.397834917e+00          nan          nan
-1.392828151e+00          nan          nan
-1.387821385e+00          nan          nan
-1.382814620e+00          nan          nan
-1.377807854e+00          nan          nan
-1.372801088e+00          nan          nan
-1.367794322e+00          nan          nan
-1.362787556e+00          nan          nan
-1.357780790e+00          nan          nan
-1.352774024e+00          nan          nan
-1.347767258e+00          nan          nan
-1.342760492e+00          nan          nan
-1.337753727e+00          nan          nan
-1.332746961e+00          nan          nan
-1.327740195e+00          nan          nan
-1.322733429e+00          nan          nan
-1.317726663e+00          nan          nan
-1.312719897e+00          nan          nan
-1.307713131e+00          nan          nan
-1.302706365e+00          nan          nan
-1.297699600e+00          nan          nan
-1.292692834e+00          nan          nan
-1.287686068e+00          nan          nan
-1.282679302e+00          nan          nan
-1.277672536e+00          nan          nan
-1.272665770e+00          nan          nan
-1.267659004e+00          nan          nan
-1.262652238e+00          nan          nan
-1.257645472e+00          nan          nan
-1.252638707e+00          nan          nan
-1.247631941e+00          nan          nan
-1.242625175e+00          nan          nan
-1.237618409e+00          nan          nan
-1.232611643e+00          nan          nan
-1.227604877e+00          nan          nan
-1.222598111e+00          nan          nan
-1.217591345e+00          nan          nan
-1.212584580e+00          nan          nan
-1.207577814e+00          nan          nan
-1.202571048e+00          nan          nan
-1.197564282e+00          nan          nan
-1.192557516e+00          nan          nan
-1.187550750e+00          nan          nan
-1.182543984e+00          nan          nan
-1.177537218e+00          nan          nan
-1.172530452e+00          nan          nan
-1.167523687e+00          nan          nan
-1.162516921e+00          nan          nan
-1.157510155e+00          nan          nan
-1.152503389e+00          nan          nan
-1.147496623e+00          nan          nan
-1.142489857e+00          nan          nan
-1.137483091e+00          nan          nan
-1.132476325e+00          nan          nan
-1.127469559e+00          nan          nan
-1.122462794e+00          nan          nan
-1.117456028e+00          nan          nan
-1.112449262e+00          nan          nan
-1.107442496e+00          nan          nan
-1.102435730e+00          nan          nan
-1.097428964e+00          nan          nan
-1.092422198e+00          nan          nan
-1.087415432e+00          nan          nan
-1.082408667e+00          nan          nan
-1.077401901e+00          nan          nan
-1.072395135e+00          nan          nan
-1.067388369e+00          nan          nan
-1.062381603e+00          nan          nan
-1.057374837e+00          nan          nan
-1.052368071e+00          nan          nan
-1.047361305e+00          nan          nan
-1.042354539e+00          nan          nan
-1.037347774e+00          nan          nan
-1.032341008e+00          nan          nan
-1.027334242e+00          nan          nan
-1.022327476e+00          nan          nan
-1.017320710e+00          nan          nan
-1.012313944e+00          nan          nan
-1.007307178e+00          nan          nan
-1.002300412e+00          nan          nan
-9.972936465e-01          nan          nan
-9.922868806e-01          nan          nan
-9.872801147e-01          nan          nan
-9.822733489e-01          nan          nan
-9.772665830e-01          nan          nan
-9.722598171e-01          nan          nan
-9.672530512e-01          nan          nan
-9.622462853e-01          nan          nan
-9.572395194e-01          nan          nan
-9.522327536e-01          nan          nan
-9.472259877e-01          nan          nan
-9.422192218e-01          nan          nan
-9.372124559e-01          nan          nan
-9.322056900e-01          nan          nan
-9.271989241e-01          nan          nan
-9.221921583e-01          nan          nan
-9.171853924e-01          nan          nan
-9.121786265e-01          nan          nan
-9.071718606e-01          nan          nan
-9.021650947e-01          nan          nan
-8.971583288e-01          nan          nan
-8.921515629e-01          nan          nan
-8.871447971e-01          nan          nan
-8.821380312e-01          nan          nan
-8.771312653e-01          nan          nan
-8.721244994e-01          nan          nan
-8.671177335e-01          nan          nan
-8.621109676e-01          nan          nan
-8.571042018e-01          nan          nan
-8.520974359e-01          nan          nan
-8.470906700e-01          nan          nan
-8.420839041e-01          nan          nan
-8.370771382e-01 -2.757278655e-01 1.456856890e-02
-8.320703723e-01 -2.760314715e-01 1.459236089e-02
-8.270636065e-01 -2.766007185e-01 1.463328622e-02
-8.220568406e-01 7.512562714e-01 1.028657559e+00
-8.170500747e-01 -2.784009624e-01 1.474613630e-02
-8.120433088e-01 7.495522846e-01 1.029237417e+00
-8.070365429e-01 -2.810430838e-01 1.486134844e-02
-8.020297770e-01 -2.827196913e-01 1.493324343e-02
-7.970230112e-01 7.633489756e-01 1.047947365e+00
-7.920162453e-01 7.809948137e-01 1.067331305e+00
-7.870094794e-01 -2.877169791e-01 1.515406219e-02
-7.820027135e-01 -2.894977890e-01 1.523823127e-02
-7.769959476e-01 -2.913288045e-01 1.532880431e-02
-7.719891817e-01 -2.934897298e-01 1.541225310e-02
-7.669824159e-01 2.880735527e-01 7.732744154e-01
-7.619756500e-01 1.168818258e+00 1.228542113e+00
-7.569688841e-01 -3.025267581e-01 1.574592224e-02
-7.519621182e-01 1.170842305e+00 1.233020431e+00
-7.469553523e-01 8.647775531e-01 1.091506792e+00
-7.419485864e-01 -2.327353427e-01 2.864293071e-01
-7.369418206e-01 4.607252394e-01 8.990180590e-01
-7.319350547e-01 7.018074196e-01 1.017529320e+00
-7.269282888e-01 2.094963455e+00 1.831397241e+00
-7.219215229e-01 -1.228762409e-01 4.475414808e-01
-7.169147570e-01 -3.189911714e-01 1.639160291e-02
-7.119079911e-01 7.408785804e-01 1.036808344e+00
-7.069012253e-01 2.118144633e+00 1.581395305e+00
-7.018944594e-01 2.624717704e-01 7.752101842e-01
-6.968876935e-01 7.032870529e-01 1.028119383e+00
-6.918809276e-01 -1.806950167e-01 3.853516990e-01
-6.868741617e-01 5.456319827e-01 9.441404760e-01
-6.818673958e-01 -3.321694916e-01 1.692147595e-02
-6.768606299e-01 -3.363789551e-01 1.703544718e-02
-6.718538641e-01 -3.406369566e-01 1.716031891e-02
-6.668470982e-01 -3.447424291e-01 1.724779301e-02
-6.618403323e-01 -3.486051819e-01 1.731056799e-02
-6.568335664e-01 -3.528347424e-01 1.741195263e-02
-6.518268005e-01 -3.570503200e-01 1.749863571e-02
-6.468200346e-01 -3.600885692e-01 1.754091693e-02
-6.418132688e-01 8.420063288e-01 1.102642502e+00
-6.368065029e-01 4.587238102e-01 9.118913412e-01
-6.317997370e-01 -3.618293396e-01 1.759471208e-02
-6.267929711e-01 -3.617831089e-01 1.762562178e-02
-6.217862052e-01 -3.613068833e-01 1.766398956e-02
-6.167794393e-01 -3.600707107e-01 1.764752978e-02
-6.117726735e-01 -3.585792308e-01 1.764142148e-02
-6.067659076e-01 -3.568359109e-01 1.766252358e-02
-6.017591417e-01 8.177140988e-02 6.683612091e-01
-5.967523758e-01 2.262539687e-01 7.689182440e-01
-5.917456099e-01 6.661335372e-01 1.020579747e+00
-5.867388440e-01 -3.544001971e-01 1.780095956e-02
-5.817320782e-01 -3.555074993e-01 1.786843521e-02
-5.767253123e-01 -3.574123914e-01 1.798742807e-02
-5.717185464e-01 -3.592324707e-01 1.810567017e-02
-5.667117805e-01 -3.608417158e-01 1.821223564e-02
-5.617050146e-01 8.512253583e-01 1.213841673e+00
-5.566982487e-01 7.815956818e-01 1.146328750e+00
-5.516914829e-01 -3.678096558e-01 1.866523308e-02
-5.466847170e-01 6.422377566e-01 1.013521114e+00
-5.416779511e-01 -3.743814767e-01 1.909718227e-02
-5.366711852e-01 -1.804418260e-01 4.521167995e-01
-5.316644193e-01 9.568437778e-01 1.289065226e+00
-5.266576534e-01 -3.848710533e-01 1.977946161e-02
-5.216508876e-01 -3.885171717e-01 1.996263099e-02
-5.166441217e-01 7.522905668e-01 1.143327278e+00
-5.116373558e-01 -3.923061337e-01 2.025315715e-02
-5.066305899e-01 -3.930613831e-01 2.030844260e-02
-5.016238240e-01 4.356856069e-01 1.146285167e+00
-4.966170581e-01 8.043100379e-01 1.281105590e+00
-4.916102922e-01 -3.969263774e-01 2.054342051e-02
-4.866035264e-01 -3.987653581e-01 2.063687760e-02
-4.815967605e-01 6.861129416e-01 1.043157295e+00
-4.765899946e-01 3.916368970e-01 8.666286977e-01
-4.715832287e-01 5.023891830e-01 9.311396384e-01
-4.665764628e-01 -3.637799218e-01 2.085591474e-01
-4.615696969e-01 1.269098365e+00 1.366874332e+00
-4.565629311e-01 1.117254585e-01 7.636028404e-01
-4.515561652e-01 -4.139879574e-01 2.128686794e-02
-4.465493993e-01 -4.145924717e-01 2.134988053e-02
-4.415426334e-01 -4.147482747e-01 2.142786122e-02
-4.365358675e-01 -1.217826802e-01 5.475843967e-01
-4.315291016e-01 3.158671759e-01 8.636583370e-01
-4.265223358e-01 5.358182814e-01 9.497913435e-01
-4.215155699e-01 -4.149788616e-01 2.158242158e-02
-4.165088040e-01 -4.168635436e-01 2.168137711e-02
-4.115020381e-01 4.837666412e-01 9.400211871e-01
-4.064952722e-01 -4.243499905e-01 2.194544885e-02
-4.014885063e-01 9.250534954e-01 1.157339001e+00
-3.964817405e-01 -4.352509340e-01 2.228284886e-02
-3.914749746e-01 -4.405481896e-01 2.246271778e-02
-3.864682087e-01 -4.458311403e-01 2.262776076e-02
-3.814614428e-01 1.099129625e+00 1.550899770e+00
-3.764546769e-01 2.030670870e+00 1.720197449e+00
-3.714479110e-01 2.295030575e+00 1.632202740e+00
-3.664411452e-01 -4.686107817e-01 2.332525294e-02
-3.614343793e-01 3.371033205e-01 8.767449475e-01
-3.564276134e-01 -3.450972029e-01 3.564914377e-01
-3.514208475e-01 -4.844309666e-01 2.384669975e-02
-3.464140816e-01 4.441742947e-01 9.336998392e-01
-3.414073157e-01 -4.925343451e-01 2.412687352e-02
-3.364005499e-01 -4.950742907e-01 2.423552454e-02
-3.313937840e-01 -7.377034586e-02 6.454318362e-01
-3.263870181e-01 5.777523478e-01 9.982055806e-01
-3.213802522e-01 2.763847592e-01 8.582319364e-01
-3.163734863e-01 2.242015169e+00 1.609932240e+00
-3.113667204e-01 -5.037113191e-01 2.548924376e-02
-3.063599546e-01 2.327450297e+00 1.636089258e+00
-3.013531887e-01 4.682457472e-01 9.764803390e-01
-2.963464228e-01 4.577776768e-01 9.693915072e-01
-2.913396569e-01 6.114682105e-02 7.960940736e-01
-2.863328910e-01 6.581983646e-01 1.253287662e+00
-2.813261251e-01 1.274756108e+00 1.476245899e+00
-2.763193592e-01 -5.242807964e-01 2.550758428e-02
-2.713125934e-01 -3.588947680e-01 4.496940488e-01
-2.663058275e-01 4.826678749e-01 1.097517028e+00
-2.612990616e-01 -5.371292148e-01 2.592573991e-02
-2.562922957e-01 4.752948651e-01 1.096587463e+00
-2.512855298e-01 -3.740671270e-01 4.457577169e-01
-2.462787639e-01 -4.137132325e-01 3.559245388e-01
-2.412719981e-01 -5.479575383e-01 2.639976795e-02
-2.362652322e-01 -5.515653118e-01 2.650504736e-02
-2.312584663e-01 -5.553311274e-01 2.665455794e-02
-2.262517004e-01 -5.597073348e-01 2.680856912e-02
-2.212449345e-01 8.689660505e-02 8.970028553e-01
-2.162381686e-01 2.191303369e+00 1.841923745e+00
-2.112314028e-01 3.443873191e-01 9.176672418e-01
-2.062246369e-01 -5.763859116e-01 2.776703160e-02
-2.012178710e-01 -5.812629159e-01 2.763299166e-02
-1.962111051e-01 1.914348371e-01 9.121648392e-01
-1.912043392e-01 3.646667210e-01 9.379610616e-01
-1.861975733e-01 3.060189856e-01 8.982714118e-01
-1.811908075e-01 -2.120816257e-01 5.927126345e-01
-1.761840416e-01 1.995341625e-01 8.456590947e-01
-1.711772757e-01 -3.157427411e-02 7.076754718e-01
-1.661705098e-01 -6.137118704e-01 2.866989756e-02
-1.611637439e-01 2.573331597e-01 9.246542514e-01
-1.561569780e-01 2.329667594e-01 8.777864621e-01
-1.511502122e-01 1.833382365e+00 1.495220757e+00
-1.461434463e-01 3.103593765e-01 9.169112328e-01
-1.411366804e-01 -4.178137436e-01 4.301369606e-01
-1.361299145e-01 3.333366182e-01 9.611970414e-01
-1.311231486e-01 -6.286973579e-01 2.905775003e-02
-1.261163827e-01 6.505990225e-01 1.089692012e+00
-1.211096169e-01 -4.350349300e-02 7.478932910e-01
-1.161028510e-01 -1.344683259e-01 7.119560332e-01
-1.110960851e-01 1.182782316e+00 1.354741634e+00
-1.060893192e-01 -6.423851443e-01 2.975825988e-02
-1.010825533e-01 -6.461301601e-01 2.992771341e-02
-9.607578743e-02 -6.493298799e-01 3.013512999e-02
-9.106902155e-02 -6.521326374e-01 3.027645884e-02
-8.606225567e-02 7.544982010e-01 1.108573560e+00
-8.105548978e-02 1.134518207e+00 1.304395436e+00
-7.604872390e-02 1.134215436e+00 1.317713325e+00
-7.104195802e-02 2.265016550e-02 9.124377049e-01
-6.603519213e-02 1.570560040e-01 8.280621745e-01
-6.102842625e-02 1.630705838e+00 1.678865982e+00
-5.602166036e-02 -6.836847781e-01 3.261410990e-02
-5.101489448e-02 -6.947056573e-01 3.347163705e-02
-4.600812860e-02 3.013851910e-01 1.008329953e+00
-4.100136271e-02 4.820738997e+00 2.277354765e+00
-3.599459683e-02 1.970979319e+01 4.977329413e+00
-3.098783095e-02 5.213700765e+01 7.342330858e+00
-2.598106506e-02 1.599979398e+02 1.322190378e+01
-2.097429918e-02 4.097946233e+02 2.205838203e+01
-1.596753329e-02 9.198634382e+02 3.321512849e+01
-1.096076741e-02 1.543692773e+03 4.314450765e+01
-5.954001527e-03 2.214756779e+03 5.230778182e+01
-9.472356436e-04 2.693886271e+03 5.812223465e+01
4.059530240e-03 2.626965526e+03 5.753720588e+01
9.066296124e-03 1.884438427e+03 4.960478426e+01
1.407306201e-02 1.245185679e+03 4.091028747e+01
1.907982789e-02 5.718939437e+02 2.790981604e+01
2.408659378e-02 1.709176054e+02 1.574994639e+01
2.909335966e-02 2.915103855e+01 6.327343621e+00
3.410012554e-02 1.176172452e+01 3.950426502e+00
3.910689143e-02 2.931330559e+00 2.109428431e+00
4.411365731e-02 4.413680888e+00 2.478611518e+00
4.912042319e-02 3.907965875e+00 2.350109627e+00
5.412718908e-02 -8.108187660e-01 4.947364501e-02
5.913395496e-02 1.872484967e+00 1.903706139e+00
6.414072084e-02 1.169763440e+00 1.620569902e+00
6.914748673e-02 1.204702095e+00 1.682082707e+00
7.415425261e-02 1.145487174e+00 1.676323035e+00
7.916101850e-02 2.415103149e-01 1.226447783e+00
8.416778438e-02 4.813118701e-01 1.406401030e+00
8.917455026e-02 1.029525503e-01 1.239067600e+00
9.418131615e-02 -8.179364940e-01 3.046183778e-01
9.918808203e-02 -4.499377830e-01 9.562546425e-01
1.041948479e-01 1.481262263e+00 2.495440812e+00
1.092016138e-01 1.890952672e+00 2.175697432e+00
1.142083797e-01 2.813581059e+00 2.640730480e+00
1.192151456e-01 6.377910586e+00 4.286193699e+00
1.242219114e-01 2.949091066e+00 2.791751637e+00
1.292286773e-01 4.408791669e+00 3.983719850e+00
1.342354432e-01 1.157003226e+00 2.077256587e+00
1.392422091e-01 7.488617637e-01 1.912517056e+00
1.442489750e-01 -1.580955706e-01 1.318394762e+00
1.492557409e-01 -9.469851288e-01 8.325713368e-02
1.542625068e-01 -9.589399397e-01 8.658932000e-02
1.592692726e-01 2.585930122e+00 3.645228061e+00
1.642760385e-01 -7.898666160e-01 8.558927001e-01
1.692828044e-01 -9.725941383e-01 9.719956072e-02
1.742895703e-01 -9.664469581e-01 1.008477083e-01
1.792963362e-01 -9.643184328e-01 1.052255090e-01
1.843031021e-01 -9.657523039e-01 1.101775719e-01
1.893098679e-01 -9.756054246e-01 1.156317457e-01
1.943166338e-01 -7.430348066e-01 1.084840244e+00
1.993233997e-01 -6.272340469e-01 1.380690614e+00
2.043301656e-01 -1.002160915e+00 1.341424971e-01
2.093369315e-01 -1.016213938e+00 1.427208075e-01
2.143436974e-01 -1.038129892e+00 1.538277061e-01
2.193504632e-01 -1.063170872e+00 1.671520723e-01
2.243572291e-01 -1.109178646e+00 1.847137180e-01
2.293639950e-01 -1.170856513e+00 2.074394470e-01
2.343707609e-01 -1.238837846e+00 2.354208449e-01
2.393775268e-01 -1.308093015e+00 2.721829150e-01
2.443842927e-01 -1.405629104e+00 3.265216309e-01
2.493910585e-01 -1.553863369e+00 4.112618797e-01
2.543978244e-01 -1.773352613e+00 5.556908017e-01
2.594045903e-01 -1.982063624e+00 8.410571494e-01
2.644113562e-01 -2.233911853e+00 1.563935488e+00
2.694181221e-01 -2.256178513e+00 7.151106695e+00
2.744248880e-01          nan          nan
2.794316538e-01          nan          nan
2.844384197e-01          nan          nan
2.894451856e-01          nan          nan
2.944519515e-01          nan          nan
2.994587174e-01          nan          nan
3.044654833e-01          nan          nan
3.094722491e-01          nan          nan
3.144790150e-01          nan          nan
3.194857809e-01          nan          nan
3.244925468e-01          nan          nan
3.294993127e-01          nan          nan
3.345060786e-01          nan          nan
3.395128445e-01          nan          nan
3.445196103e-01          nan          nan
3.495263762e-01          nan          nan
3.545331421e-01          nan          nan
3.595399080e-01          nan          nan
3.645466739e-01          nan          nan
3.695534398e-01          nan          nan
3.745602056e-01          nan          nan
3.795669715e-01          nan          nan
3.845737374e-01          nan          nan
3.895805033e-01          nan          nan
3.945872692e-01          nan          nan
3.995940351e-01          nan          nan
4.046008009e-01          nan          nan
4.096075668e-01          nan          nan
4.146143327e-01          nan          nan
4.196210986e-01          nan          nan
4.246278645e-01          nan          nan
4.296346304e-01          nan          nan
4.346413962e-01          nan          nan
4.396481621e-01          nan          nan
4.446549280e-01          nan          nan
4.496616939e-01          nan          nan
4.546684598e-01          nan          nan
4.596752257e-01          nan          nan
4.646819915e-01          nan          nan
4.696887574e-01          nan          nan
4.746955233e-01          nan          nan
4.797022892e-01          nan          nan
4.847090551e-01          nan          nan
4.897158210e-01          nan          nan
4.947225868e-01          nan          nan
4.997293527e-01          nan          nan
5.047361186e-01          nan          nan
5.097428845e-01          nan          nan
5.147496504e-01          nan          nan
5.197564163e-01          nan          nan
5.247631821e-01          nan          nan
5.297699480e-01          nan          nan
5.347767139e-01          nan          nan
5.397834798e-01          nan          nan
5.447902457e-01          nan          nan
5.497970116e-01          nan          nan
5.548037775e-01          nan          nan
5.598105433e-01          nan          nan
5.648173092e-01          nan          nan
5.698240751e-01          nan          nan
5.748308410e-01          nan          nan
5.798376069e-01          nan          nan
5.848443728e-01          nan          nan
5.898511386e-01          nan          nan
5.948579045e-01          nan          nan
5.998646704e-01          nan          nan
6.048714363e-01          nan          nan
6.098782022e-01          nan          nan
6.148849681e-01          nan          nan
6.198917339e-01          nan          nan
6.248984998e-01          nan          nan
6.299052657e-01          nan          nan
6.349120316e-01          nan          nan
6.399187975e-01          nan          nan
6.449255634e-01          nan          nan
6.499323292e-01          nan          nan
6.549390951e-01          nan          nan
6.599458610e-01          nan          nan
6.649526269e-01          nan          nan
6.699593928e-01          nan          nan
6.749661587e-01          nan          nan
6.799729245e-01          nan          nan
6.849796904e-01          nan          nan
6.899864563e-01          nan          nan
6.949932222e-01          nan          nan
6.999999881e-01          nan          nan
