# MSlice Cut of workspace "LET77597_1.05meV_rings"
# Cut axis: DeltaE,-3.0,0.7,0.005
# Integration axis: |Q|,0.3,0.4,0.0
# (Energy Transfer (meV)) (Signal) (Error)
-3.000000000e+00          nan          nan
-2.994993234e+00          nan          nan
-2.989986468e+00          nan          nan
-2.984979702e+00          nan          nan
-2.979972936e+00          nan          nan
-2.974966171e+00          nan          nan
-2.969959405e+00          nan          nan
-2.964952639e+00          nan          nan
-2.959945873e+00          nan          nan
-2.954939107e+00          nan          nan
-2.949932341e+00          nan          nan
-2.944925575e+00          nan          nan
-2.939918809e+00          nan          nan
-2.934912044e+00          nan          nan
-2.929905278e+00          nan          nan
-2.924898512e+00          nan          nan
-2.919891746e+00          nan          nan
-2.914884980e+00          nan          nan
-2.909878214e+00          nan          nan
-2.904871448e+00          nan          nan
-2.899864682e+00          nan          nan
-2.894857916e+00          nan          nan
-2.889851151e+00          nan          nan
-2.884844385e+00          nan          nan
-2.879837619e+00          nan          nan
-2.874830853e+00          nan          nan
-2.869824087e+00          nan          nan
-2.864817321e+00          nan          nan
-2.859810555e+00          nan          nan
-2.854803789e+00          nan          nan
-2.849797023e+00          nan          nan
-2.844790258e+00          nan          nan
-2.839783492e+00          nan          nan
-2.834776726e+00          nan          nan
-2.829769960e+00          nan          nan
-2.824763194e+00          nan          nan
-2.819756428e+00          nan          nan
-2.814749662e+00          nan          nan
-2.809742896e+00          nan          nan
-2.804736131e+00          nan          nan
-2.799729365e+00          nan          nan
-2.794722599e+00          nan          nan
-2.789715833e+00          nan          nan
-2.784709067e+00          nan          nan
-2.779702301e+00          nan          nan
-2.774695535e+00          nan          nan
-2.769688769e+00          nan          nan
-2.764682003e+00          nan          nan
-2.759675238e+00          nan          nan
-2.754668472e+00          nan          nan
-2.749661706e+00          nan          nan
-2.744654940e+00          nan          nan
-2.739648174e+00          nan          nan
-2.734641408e+00          nan          nan
-2.729634642e+00          nan          nan
-2.724627876e+00          nan          nan
-2.719621111e+00          nan          nan
-2.714614345e+00          nan          nan
-2.709607579e+00          nan          nan
-2.704600813e+00          nan          nan
-2.699594047e+00          nan          nan
-2.694587281e+00          nan          nan
-2.689580515e+00          nan          nan
-2.684573749e+00          nan          nan
-2.679566983e+00          nan          nan
-2.674560218e+00          nan          nan
-2.669553452e+00          nan          nan
-2.664546686e+00          nan          nan
-2.659539920e+00          nan          nan
-2.654533154e+00          nan          nan
-2.649526388e+00          nan          nan
-2.644519622e+00          nan          nan
-2.639512856e+00          nan          nan
-2.634506090e+00          nan          nan
-2.629499325e+00          nan          nan
-2.624492559e+00          nan          nan
-2.619485793e+00          nan          nan
-2.614479027e+00          nan          nan
-2.609472261e+00          nan          nan
-2.604465495e+00          nan          nan
-2.599458729e+00          nan          nan
-2.594451963e+00          nan          nan
-2.589445198e+00          nan          nan
-2.584438432e+00          nan          nan
-2.579431666e+00          nan          nan
-2.574424900e+00          nan          nan
-2.569418134e+00          nan          nan
-2.564411368e+00          nan          nan
-2.559404602e+00          nan          nan
-2.554397836e+00          nan          nan
-2.549391070e+00          nan          nan
-2.544384305e+00          nan          nan
-2.539377539e+00          nan          nan
-2.534370773e+00          nan          nan
-2.529364007e+00          nan          nan
-2.524357241e+00          nan          nan
-2.519350475e+00          nan          nan
-2.514343709e+00          nan          nan
-2.509336943e+00          nan          nan
-2.504330178e+00          nan          nan
-2.499323412e+00          nan          nan
-2.494316646e+00          nan          nan
-2.489309880e+00          nan          nan
-2.484303114e+00          nan          nan
-2.479296348e+00          nan          nan
-2.474289582e+00          nan          nan
-2.469282816e+00          nan          nan
-2.464276050e+00          nan          nan
-2.459269285e+00          nan          nan
-2.454262519e+00          nan          nan
-2.449255753e+00          nan          nan
-2.444248987e+00          nan          nan
-2.439242221e+00          nan          nan
-2.434235455e+00          nan          nan
-2.429228689e+00          nan          nan
-2.424221923e+00          nan          nan
-2.419215157e+00          nan          nan
-2.414208392e+00          nan          nan
-2.409201626e+00          nan          nan
-2.404194860e+00          nan          nan
-2.399188094e+00          nan          nan
-2.394181328e+00          nan          nan
-2.389174562e+00          nan          nan
-2.384167796e+00          nan          nan
-2.379161030e+00          nan          nan
-2.374154265e+00          nan          nan
-2.369147499e+00          nan          nan
-2.364140733e+00          nan          nan
-2.359133967e+00          nan          nan
-2.354127201e+00          nan          nan
-2.349120435e+00          nan          nan
-2.344113669e+00          nan          nan
-2.339106903e+00          nan          nan
-2.334100137e+00          nan          nan
-2.329093372e+00          nan          nan
-2.324086606e+00          nan          nan
-2.319079840e+00          nan          nan
-2.314073074e+00          nan          nan
-2.309066308e+00          nan          nan
-2.304059542e+00          nan          nan
-2.299052776e+00          nan          nan
-2.294046010e+00          nan          nan
-2.289039245e+00          nan          nan
-2.284032479e+00          nan          nan
-2.279025713e+00          nan          nan
-2.274018947e+00          nan          nan
-2.269012181e+00          nan          nan
-2.264005415e+00          nan          nan
-2.258998649e+00          nan          nan
-2.253991883e+00          nan          nan
-2.248985117e+00          nan          nan
-2.243978352e+00          nan          nan
-2.238971586e+00          nan          nan
-2.233964820e+00          nan          nan
-2.228958054e+00          nan          nan
-2.223951288e+00          nan          nan
-2.218944522e+00          nan          nan
-2.213937756e+00          nan          nan
-2.208930990e+00          nan          nan
-2.203924224e+00          nan          nan
-2.198917459e+00          nan          nan
-2.193910693e+00          nan          nan
-2.188903927e+00          nan          nan
-2.183897161e+00          nan          nan
-2.178890395e+00          nan          nan
-2.173883629e+00          nan          nan
-2.168876863e+00          nan          nan
-2.163870097e+00          nan          nan
-2.158863332e+00          nan          nan
-2.153856566e+00          nan          nan
-2.148849800e+00          nan          nan
-2.143843034e+00          nan          nan
-2.138836268e+00          nan          nan
-2.133829502e+00          nan          nan
-2.128822736e+00          nan          nan
-2.123815970e+00          nan          nan
-2.118809204e+00          nan          nan
-2.113802439e+00          nan          nan
-2.108795673e+00          nan          nan
-2.103788907e+00          nan          nan
-2.098782141e+00          nan          nan
-2.093775375e+00          nan          nan
-2.088768609e+00          nan          nan
-2.083761843e+00          nan          nan
-2.078755077e+00          nan          nan
-2.073748312e+00          nan          nan
-2.068741546e+00          nan          nan
-2.063734780e+00          nan          nan
-2.058728014e+00          nan          nan
-2.053721248e+00          nan          nan
-2.048714482e+00          nan          nan
-2.043707716e+00          nan          nan
-2.038700950e+00          nan          nan
-2.033694184e+00          nan          nan
-2.028687419e+00          nan          nan
-2.023680653e+00          nan          nan
-2.018673887e+00          nan          nan
-2.013667121e+00          nan          nan
-2.008660355e+00          nan          nan
-2.003653589e+00          nan          nan
-1.998646823e+00          nan          nan
-1.993640057e+00          nan          nan
-1.988633291e+00          nan          nan
-1.983626526e+00          nan          nan
-1.978619760e+00          nan          nan
-1.973612994e+00          nan          nan
-1.968606228e+00          nan          nan
-1.963599462e+00          nan          nan
-1.958592696e+00          nan          nan
-1.953585930e+00          nan          nan
-1.948579164e+00          nan          nan
-1.943572399e+00          nan          nan
-1.938565633e+00          nan          nan
-1.933558867e+00          nan          nan
-1.928552101e+00          nan          nan
-1.923545335e+00          nan          nan
-1.918538569e+00          nan          nan
-1.913531803e+00          nan          nan
-1.908525037e+00          nan          nan
-1.903518271e+00          nan          nan
-1.898511506e+00          nan          nan
-1.893504740e+00          nan          nan
-1.888497974e+00          nan          nan
-1.883491208e+00          nan          nan
-1.878484442e+00          nan          nan
-1.873477676e+00          nan          nan
-1.868470910e+00          nan          nan
-1.863464144e+00          nan          nan
-1.858457379e+00          nan          nan
-1.853450613e+00          nan          nan
-1.848443847e+00          nan          nan
-1.843437081e+00          nan          nan
-1.838430315e+00          nan          nan
-1.833423549e+00          nan          nan
-1.828416783e+00          nan          nan
-1.823410017e+00          nan          nan
-1.818403251e+00          nan          nan
-1.813396486e+00          nan          nan
-1.808389720e+00          nan          nan
-1.803382954e+00          nan          nan
-1.798376188e+00          nan          nan
-1.793369422e+00          nan          nan
-1.788362656e+00          nan          nan
-1.783355890e+00          nan          nan
-1.778349124e+00          nan          nan
-1.773342358e+00          nan          nan
-1.768335593e+00          nan          nan
-1.763328827e+00          nan          nan
-1.758322061e+00          nan          nan
-1.753315295e+00          nan          nan
-1.748308529e+00          nan          nan
-1.743301763e+00          nan          nan
-1.738294997e+00          nan          nan
-1.733288231e+00          nan          nan
-1.728281466e+00          nan          nan
-1.723274700e+00          nan          nan
-1.718267934e+00          nan          nan
-1.713261168e+00          nan          nan
-1.708254402e+00          nan          nan
-1.703247636e+00          nan          nan
-1.698240870e+00          nan          nan
-1.693234104e+00          nan          nan
-1.688227338e+00          nan          nan
-1.683220573e+00          nan          nan
-1.678213807e+00          nan          nan
-1.673207041e+00          nan          nan
-1.668200275e+00          nan          nan
-1.663193509e+00          nan          nan
-1.658186743e+00          nan          nan
-1.653179977e+00          nan          nan
-1.648173211e+00          nan          nan
-1.643166446e+00          nan          nan
-1.638159680e+00          nan          nan
-1.633152914e+00          nan          nan
-1.628146148e+00          nan          nan
-1.623139382e+00          nan          nan
-1.618132616e+00          nan          nan
-1.613125850e+00          nan          nan
-1.608119084e+00          nan          nan
-1.603112318e+00          nan          nan
-1.598105553e+00          nan          nan
-1.593098787e+00          nan          nan
-1.588092021e+00          nan          nan
-1.583085255e+00          nan          nan
-1.578078489e+00          nan          nan
-1.573071723e+00          nan          nan
-1.568064957e+00          nan          nan
-1.563058191e+00          nan          nan
-1.558051425e+00          nan          nan
-1.553044660e+00          nan          nan
-1.548037894e+00          nan          nan
-1.543031128e+00          nan          nan
-1.538024362e+00          nan          nan
-1.533017596e+00          nan          nan
-1.528010830e+00          nan          nan
-1.523004064e+00          nan          nan
-1.517997298e+00          nan          nan
-1.512990533e+00          nan          nan
-1.507983767e+00          nan          nan
-1.502977001e+00          nan          nan
-1.497970235e+00          nan          nan
-1.492963469e+00          nan          nan
-1.487956703e+00          nan          nan
-1.482949937e+00          nan          nan
-1.477943171e+00          nan          nan
-1.472936405e+00          nan          nan
-1.467929640e+00          nan          nan
-1.462922874e+00          nan          nan
-1.457916108e+00          nan          nan
-1.452909342e+00          nan          nan
-1.447902576e+00          nan          nan
-1.442895810e+00          nan          nan
-1.437889044e+00          nan          nan
-1.432882278e+00          nan          nan
-1.427875513e+00          nan          nan
-1.422868747e+00          nan          nan
-1.417861981e+00          nan          nan
-1.412855215e+00          nan          nan
-1.407848449e+00          nan          nan
-1.402841683e+00          nan          nan
-1.397834917e+00          nan          nan
-1.392828151e+00          nan          nan
-1.387821385e+00          nan          nan
-1.382814620e+00          nan          nan
-1.377807854e+00          nan          nan
-1.372801088e+00          nan          nan
-1.367794322e+00          nan          nan
-1.362787556e+00          nan          nan
-1.357780790e+00          nan          nan
-1.352774024e+00          nan          nan
-1.347767258e+00          nan          nan
-1.342760492e+00          nan          nan
-1.337753727e+00          nan          nan
-1.332746961e+00          nan          nan
-1.327740195e+00          nan          nan
-1.322733429e+00          nan          nan
-1.317726663e+00          nan          nan
-1.312719897e+00          nan          nan
-1.307713131e+00          nan          nan
-1.302706365e+00          nan          nan
-1.297699600e+00          nan          nan
-1.292692834e+00          nan          nan
-1.287686068e+00          nan          nan
-1.282679302e+00          nan          nan
-1.277672536e+00          nan          nan
-1.272665770e+00          nan          nan
-1.267659004e+00          nan          nan
-1.262652238e+00          nan          nan
-1.257645472e+00          nan          nan
-1.252638707e+00          nan          nan
-1.247631941e+00          nan          nan
-1.242625175e+00          nan          nan
-1.237618409e+00          nan          nan
-1.232611643e+00          nan          nan
-1.227604877e+00          nan          nan
-1.222598111e+00          nan          nan
-1.217591345e+00          nan          nan
-1.212584580e+00          nan          nan
-1.207577814e+00          nan          nan
-1.202571048e+00          nan          nan
-1.197564282e+00          nan          nan
-1.192557516e+00          nan          nan
-1.187550750e+00          nan          nan
-1.182543984e+00          nan          nan
-1.177537218e+00          nan          nan
-1.172530452e+00          nan          nan
-1.167523687e+00          nan          nan
-1.162516921e+00          nan          nan
-1.157510155e+00          nan          nan
-1.152503389e+00          nan          nan
-1.147496623e+00          nan          nan
-1.142489857e+00          nan          nan
-1.137483091e+00          nan          nan
-1.132476325e+00          nan          nan
-1.127469559e+00          nan          nan
-1.122462794e+00          nan          nan
-1.117456028e+00          nan          nan
-1.112449262e+00          nan          nan
-1.107442496e+00          nan          nan
-1.102435730e+00          nan          nan
-1.097428964e+00          nan          nan
-1.092422198e+00          nan          nan
-1.087415432e+00          nan          nan
-1.082408667e+00          nan          nan
-1.077401901e+00          nan          nan
-1.072395135e+00          nan          nan
-1.067388369e+00          nan          nan
-1.062381603e+00          nan          nan
-1.057374837e+00          nan          nan
-1.052368071e+00          nan          nan
-1.047361305e+00          nan          nan
-1.042354539e+00          nan          nan
-1.037347774e+00          nan          nan
-1.032341008e+00          nan          nan
-1.027334242e+00          nan          nan
-1.022327476e+00          nan          nan
-1.017320710e+00          nan          nan
-1.012313944e+00          nan          nan
-1.007307178e+00          nan          nan
-1.002300412e+00          nan          nan
-9.972936465e-01          nan          nan
-9.922868806e-01          nan          nan
-9.872801147e-01          nan          nan
-9.822733489e-01          nan          nan
-9.772665830e-01          nan          nan
-9.722598171e-01          nan          nan
-9.672530512e-01          nan          nan
-9.622462853e-01          nan          nan
-9.572395194e-01          nan          nan
-9.522327536e-01          nan          nan
-9.472259877e-01          nan          nan
-9.422192218e-01          nan          nan
-9.372124559e-01          nan          nan
-9.322056900e-01          nan          nan
-9.271989241e-01          nan          nan
-9.221921583e-01          nan          nan
-9.171853924e-01          nan          nan
-9.121786265e-01          nan          nan
-9.071718606e-01          nan          nan
-9.021650947e-01          nan          nan
-8.971583288e-01          nan          nan
-8.921515629e-01          nan          nan
-8.871447971e-01          nan          nan
-8.821380312e-01          nan          nan
-8.771312653e-01          nan          nan
-8.721244994e-01          nan          nan
-8.671177335e-01          nan          nan
-8.621109676e-01          nan          nan
-8.571042018e-01          nan          nan
-8.520974359e-01          nan          nan
-8.470906700e-01          nan          nan
-8.420839041e-01          nan          nan
-8.370771382e-01 -5.290238595e-01 6.753390810e-02
-8.320703723e-01 -5.298102490e-01 6.723242766e-02
-8.270636065e-01 -5.310222992e-01 6.706052006e-02
-8.220568406e-01 -5.322648623e-01 6.689463038e-02
-8.170500747e-01 -5.329038970e-01 6.658459924e-02
-8.120433088e-01 -5.331586810e-01 6.618333848e-02
-8.070365429e-01 -5.335425436e-01 6.583003871e-02
-8.020297770e-01 -5.343337257e-01 6.566653078e-02
-7.970230112e-01 -5.352162810e-01 6.553614777e-02
-7.920162453e-01 -5.360243417e-01 6.537742490e-02
-7.870094794e-01 -5.363510942e-01 6.505782175e-02
-7.820027135e-01 2.564281747e+00 3.101620540e+00
-7.769959476e-01 -5.373984880e-01 6.450391436e-02
-7.719891817e-01 -5.386670784e-01 6.441086101e-02
-7.669824159e-01 -5.395936461e-01 6.419396995e-02
-7.619756500e-01 -5.382649392e-01 6.302557847e-02
-7.569688841e-01 -5.367150460e-01 6.157513556e-02
-7.519621182e-01 1.221056936e+00 3.286753768e+00
-7.469553523e-01 3.846564667e+00 5.183896118e+00
-7.419485864e-01 -5.361286962e-01 5.763689126e-02
-7.369418206e-01 -5.381088883e-01 5.649707642e-02
-7.319350547e-01 -5.399277081e-01 5.518449500e-02
-7.269282888e-01 -5.415573712e-01 5.375051834e-02
-7.219215229e-01 -3.000928973e-01 5.746320436e-01
-7.169147570e-01 -5.427584616e-01 5.050589753e-02
-7.119079911e-01 -5.460331194e-01 5.011711186e-02
-7.069012253e-01 3.999712920e+00 6.950804994e+00
-7.018944594e-01 5.525222789e+00 8.039454020e+00
-6.968876935e-01 -5.529194119e-01 4.911519385e-02
-6.918809276e-01 -5.519870024e-01 4.838244478e-02
-6.868741617e-01 -5.493010062e-01 4.759692726e-02
-6.818673958e-01 -5.464664535e-01 4.678617270e-02
-6.768606299e-01 3.067955866e+00 2.718149631e+00
-6.718538641e-01 -1.794450937e-01 9.296972868e-01
-6.668470982e-01 -5.282014426e-01 4.299929744e-02
-6.618403323e-01 4.285994857e+00 5.142569192e+00
-6.568335664e-01 3.098471447e+00 4.464928801e+00
-6.518268005e-01 -5.147077105e-01 3.976570139e-02
-6.468200346e-01 -5.121697495e-01 3.881239640e-02
-6.418132688e-01 4.253305953e+00 4.765577554e+00
-6.368065029e-01 -5.123734442e-01 3.763810453e-02
-6.317997370e-01 -5.133356242e-01 3.708669099e-02
-6.267929711e-01 -5.162367317e-01 3.670152744e-02
-6.217862052e-01 -5.202179190e-01 3.647813447e-02
-6.167794393e-01 -5.272741634e-01 3.677762450e-02
-6.117726735e-01 2.802846121e+00 3.337624148e+00
-6.067659076e-01 -5.422535842e-01 3.734707466e-02
-6.017591417e-01 1.282586310e+00 1.833933613e+00
-5.967523758e-01 -5.595815365e-01 3.801941825e-02
-5.917456099e-01 -5.668555841e-01 3.831336153e-02
-5.867388440e-01 -1.594377560e-01 1.097573621e+00
-5.817320782e-01 1.912093915e+00 2.692811808e+00
-5.767253123e-01 9.620691330e-01 1.586832487e+00
-5.717185464e-01 4.294631311e+00 3.433499036e+00
-5.667117805e-01 2.458624174e+00 3.316229090e+00
-5.617050146e-01 2.380588742e+00 2.742781221e+00
-5.566982487e-01 -6.001631598e-01 3.911164543e-02
-5.516914829e-01 -6.023983455e-01 3.912743562e-02
-5.466847170e-01 -6.041656958e-01 3.907633762e-02
-5.416779511e-01 -6.051487531e-01 3.893871450e-02
-5.366711852e-01 -6.051172907e-01 3.873980989e-02
-5.316644193e-01 2.390736508e+00 2.996107293e+00
-5.266576534e-01 -2.787597421e-01 6.103343470e-01
-5.216508876e-01 -6.037426238e-01 3.829456699e-02
-5.166441217e-01 -6.024640070e-01 3.812300552e-02
-5.116373558e-01 -6.013607199e-01 3.794189192e-02
-5.066305899e-01 -6.004571549e-01 3.776837344e-02
-5.016238240e-01 -5.995691708e-01 3.759223595e-02
-4.966170581e-01 -5.985887431e-01 3.746068923e-02
-4.916102922e-01 2.692196927e+00 2.909563162e+00
-4.866035264e-01 8.745007470e-01 1.547840447e+00
-4.815967605e-01 7.202430429e-01 1.508288964e+00
-4.765899946e-01 8.933252987e-01 1.455516581e+00
-4.715832287e-01 9.239134008e-01 1.556704603e+00
-4.665764628e-01 -5.924765122e-01 3.662545290e-02
-4.615696969e-01 -5.894079826e-01 3.637883217e-02
-4.565629311e-01 -5.865207746e-01 3.615602893e-02
-4.515561652e-01 -5.847347832e-01 3.598392317e-02
-4.465493993e-01 -5.833118416e-01 3.582123078e-02
-4.415426334e-01 -5.816788168e-01 3.558658020e-02
-4.365358675e-01 -1.688770060e-01 7.703972954e-01
-4.315291016e-01 8.985911019e+00 4.618385480e+00
-4.265223358e-01 -5.786954793e-01 3.496471238e-02
-4.215155699e-01 -5.790361423e-01 3.485615112e-02
-4.165088040e-01 -5.803182544e-01 3.479380264e-02
-4.115020381e-01 -5.815072192e-01 3.471903204e-02
-4.064952722e-01 1.965173346e+00 1.952049284e+00
-4.014885063e-01 8.095616231e-01 1.466210536e+00
-3.964817405e-01 5.685356965e-02 1.035564644e+00
-3.914749746e-01 -5.817774831e-01 3.401117995e-02
-3.864682087e-01 -5.837103880e-01 3.401724112e-02
-3.814614428e-01 1.391945099e+00 1.798206886e+00
-3.764546769e-01 1.001000057e+00 1.822579932e+00
-3.714479110e-01 1.228327265e+00 1.821162105e+00
-3.664411452e-01 -5.951934460e-01 3.422965095e-02
-3.614343793e-01 -5.978836407e-01 3.424238164e-02
-3.564276134e-01 -6.005318487e-01 3.425407806e-02
-3.514208475e-01 2.306456137e-01 1.021458132e+00
-3.464140816e-01 -1.882153463e-01 7.229816965e-01
-3.414073157e-01 -6.074608810e-01 3.439601877e-02
-3.364005499e-01 -6.097640503e-01 3.444359023e-02
-3.313937840e-01 2.569456186e-01 9.398083573e-01
-3.263870181e-01 -6.132405788e-01 3.443736122e-02
-3.213802522e-01 -6.232107842e-02 7.385628614e-01
-3.163734863e-01 -6.172297287e-01 3.444582048e-02
-3.113667204e-01 1.070951432e+00 1.778748323e+00
-3.063599546e-01 -4.458925965e-01 5.781977849e-01
-3.013531887e-01 -6.274158358e-01 3.480537794e-02
-2.963464228e-01 4.004618317e-01 1.031640058e+00
-2.913396569e-01 -6.335213928e-01 3.499216759e-02
-2.863328910e-01 -6.364694311e-01 3.504640275e-02
-2.813261251e-01 -6.394649804e-01 3.510009136e-02
-2.763193592e-01 1.946180544e+00 1.866313466e+00
-2.713125934e-01 -3.924069699e-01 6.725302436e-01
-2.663058275e-01 8.734009592e-01 1.645625765e+00
-2.612990616e-01 -6.534740977e-01 3.557215405e-02
-2.562922957e-01 5.027619882e-01 1.160666224e+00
-2.512855298e-01 -6.614276203e-01 3.584695788e-02
-2.462787639e-01 1.392041676e+00 2.057942387e+00
-2.412719981e-01 -6.697979494e-01 3.605373083e-02
-2.362652322e-01 -6.742131369e-01 3.616287067e-02
-2.312584663e-01 4.904413772e-01 1.170235022e+00
-2.262517004e-01 -6.843828672e-01 3.650973253e-02
-2.212449345e-01 -4.750504223e-01 4.929454151e-01
-2.162381686e-01 2.172739596e-01 1.014567863e+00
-2.112314028e-01 -7.006174616e-01 3.707485958e-02
-2.062246369e-01 -2.755827139e-01 6.314922430e-01
-2.012178710e-01 -7.123003501e-01 3.739394936e-02
-1.962111051e-01 2.143053009e-01 9.475475029e-01
-1.912043392e-01 -7.246736084e-01 3.775317121e-02
-1.861975733e-01 9.022761692e-01 1.325243829e+00
-1.811908075e-01 9.953729869e-01 1.427406191e+00
-1.761840416e-01 -7.446489487e-01 3.847342417e-02
-1.711772757e-01 -8.327227696e-02 1.011200687e+00
-1.661705098e-01 1.821864154e+00 2.190845571e+00
-1.611637439e-01 3.852237731e-01 1.150716719e+00
-1.561569780e-01 -7.716569655e-01 3.936385745e-02
-1.511502122e-01 -7.785640738e-01 3.957683534e-02
-1.461434463e-01 5.659998087e-01 1.351784554e+00
-1.411366804e-01 1.383141433e+00 1.738536101e+00
-1.361299145e-01 2.934139795e-01 1.092584581e+00
-1.311231486e-01 7.187223402e-01 1.255563537e+00
-1.261163827e-01 -2.974382501e-01 7.121460257e-01
-1.211096169e-01 -8.184294226e-01 4.105268099e-02
-1.161028510e-01 -8.240875847e-01 4.122647287e-02
-1.110960851e-01 -8.298109054e-01 4.140213165e-02
-1.060893192e-01 -8.356200748e-01 4.158009522e-02
-1.010825533e-01 -8.417139376e-01 4.179748820e-02
-9.607578743e-02 -8.476466486e-01 4.204031380e-02
-9.106902155e-02 -8.534403334e-01 4.226506999e-02
-8.606225567e-02 1.920268031e+00 1.988766256e+00
-8.105548978e-02 -8.652681196e-01 4.272087492e-02
-7.604872390e-02 -8.713131918e-01 4.295230241e-02
-7.104195802e-02 5.102488964e-01 1.361402532e+00
-6.603519213e-02 6.049911165e-01 1.606865440e+00
-6.102842625e-02 -1.271256356e-01 8.728660876e-01
-5.602166036e-02 1.829059996e-01 1.077337355e+00
-5.101489448e-02 -5.663838376e-01 7.156862046e-01
-4.600812860e-02 2.884541390e+00 2.285775161e+00
-4.100136271e-02 4.253307018e+00 2.637664479e+00
-3.599459683e-02 1.515336356e+01 4.594068787e+00
-3.098783095e-02 7.422303611e+01 9.992017867e+00
-2.598106506e-02 1.951330534e+02 1.607871113e+01
-2.097429918e-02 4.868947269e+02 2.538423341e+01
-1.596753329e-02 1.100682875e+03 3.823722846e+01
-1.096076741e-02 2.183216016e+03 5.368963241e+01
-5.954001527e-03 3.138117938e+03 6.407960180e+01
-9.472356436e-04 3.388416197e+03 6.639036302e+01
4.059530240e-03 2.595414435e+03 5.782357986e+01
9.066296124e-03 1.214177315e+03 3.961242105e+01
1.407306201e-02 3.438035775e+02 2.101160452e+01
1.907982789e-02 5.662872318e+01 8.531082801e+00
2.408659378e-02 7.900368932e+00 3.139937210e+00
2.909335966e-02 5.010347575e+00 2.915297189e+00
3.410012554e-02 -1.011621961e+00 4.836407082e-02
3.910689143e-02 -7.289155120e-01 5.967369170e-01
4.411365731e-02 3.845207850e+00 2.531657585e+00
4.912042319e-02 9.678531243e-01 1.459722330e+00
5.412718908e-02 8.750512982e-01 1.399372304e+00
5.913395496e-02 6.486154540e-01 1.669924563e+00
6.414072084e-02 2.084508561e+00 1.789604355e+00
6.914748673e-02 2.040865143e+00 2.007613008e+00
7.415425261e-02 -5.542325839e-01 8.519912965e-01
7.916101850e-02 5.251847193e-02 1.150213284e+00
8.416778438e-02 -1.107227111e+00 5.194303662e-02
8.917455026e-02 4.201564420e-01 1.539143517e+00
9.418131615e-02 -9.574629973e-01 3.968393404e-01
9.918808203e-02 -5.557626076e-02 9.791373184e-01
1.041948479e-01 1.976453862e+00 2.212599628e+00
1.092016138e-01 4.635436183e+00 2.993935512e+00
1.142083797e-01 5.419024286e-01 1.651021113e+00
1.192151456e-01 -4.772662805e-01 8.459746801e-01
1.242219114e-01 -7.701578620e-01 7.620556207e-01
1.292286773e-01 1.511149910e-01 1.347057603e+00
1.342354432e-01 -1.230987790e+00 5.646189289e-02
1.392422091e-01 -1.245066532e+00 5.700017627e-02
1.442489750e-01 1.027095046e+00 1.630059385e+00
1.492557409e-01 -7.880718663e-01 7.447931083e-01
1.542625068e-01 1.620205950e+00 1.816370203e+00
1.592692726e-01 1.912869231e-02 1.357082131e+00
1.642760385e-01 -1.294884421e-01 1.165582427e+00
1.692828044e-01 3.375863650e-01 1.266762517e+00
1.742895703e-01 -1.102053930e+00 5.139577242e-01
1.792963362e-01 -1.278878395e-01 1.240802531e+00
1.843031021e-01 2.274650221e+00 2.156763795e+00
1.893098679e-01 -1.113148196e+00 4.992145232e-01
1.943166338e-01 -9.496352310e-01 6.341875493e-01
1.993233997e-01 -1.366201214e+00 2.480133883e-01
2.043301656e-01 -1.996830868e-01 1.191862394e+00
2.093369315e-01 6.079598394e-01 1.529404618e+00
2.143436974e-01 5.014290389e-01 1.368328210e+00
2.193504632e-01 -5.010923880e-01 1.008092949e+00
2.243572291e-01 -8.626768782e-01 7.875098286e-01
2.293639950e-01 -1.280758782e+00 4.993602688e-01
2.343707609e-01 -1.022272416e+00 1.060502684e+00
2.393775268e-01 -6.924975984e-01 1.179632759e+00
2.443842927e-01 -2.628738846e-01 1.116182786e+00
2.493910585e-01 1.735207223e+00 2.126670778e+00
2.543978244e-01 -1.425921835e+00 4.371269035e-01
2.594045903e-01 -1.577130783e+00 4.303810494e-01
2.644113562e-01 1.361262821e-01 1.894805418e+00
2.694181221e-01 -1.497737726e+00 4.323637523e-01
2.744248880e-01 -9.626530582e-01 8.658309299e-01
2.794316538e-01 -4.561673442e-01 1.174858348e+00
2.844384197e-01 1.227893329e+00 2.227457267e+00
2.894451856e-01 -3.153124140e-01 1.235643422e+00
2.944519515e-01 1.783545625e+00 1.834377346e+00
2.994587174e-01 -9.245776959e-01 9.983670213e-01
3.044654833e-01 3.776211139e-01 1.619857021e+00
3.094722491e-01 3.602182686e-01 1.562710703e+00
3.144790150e-01 -7.816634288e-01 1.006062089e+00
3.194857809e-01 1.799034268e+00 2.173555996e+00
3.244925468e-01 2.426415248e+00 2.506483311e+00
3.294993127e-01 -6.727863357e-01 1.346335107e+00
3.345060786e-01 1.363364534e+00 2.173407547e+00
3.395128445e-01 1.091458084e+00 1.942435309e+00
3.445196103e-01 2.638132740e+00 2.473220619e+00
3.495263762e-01 1.291598863e+00 2.276404030e+00
3.545331421e-01 -2.462571612e-02 1.428026023e+00
3.595399080e-01 -1.111448999e+00 1.058820172e+00
3.645466739e-01 5.715231219e-01 2.217777749e+00
3.695534398e-01 2.365488210e+00 2.474604252e+00
3.745602056e-01 4.965951562e+00 3.129237657e+00
3.795669715e-01 4.832388885e+00 3.214310397e+00
3.845737374e-01 9.609523735e-01 2.207293370e+00
3.895805033e-01 1.747887859e+00 2.597814842e+00
3.945872692e-01 3.096639086e+00 3.090059852e+00
3.995940351e-01 1.971405537e+00 2.785090410e+00
4.046008009e-01 9.466208429e-01 2.348121632e+00
4.096075668e-01 -1.505444215e+00 1.069500680e+00
4.146143327e-01 -3.086966989e-01 1.757532676e+00
4.196210986e-01 1.802430008e-01 2.381210799e+00
4.246278645e-01 1.052348604e+00 2.311238913e+00
4.296346304e-01 3.513940759e-01 2.037979627e+00
4.346413962e-01 8.129205353e-01 2.048219233e+00
4.396481621e-01 1.787067518e+00 2.513291759e+00
4.446549280e-01 2.766728034e-01 1.982092903e+00
4.496616939e-01 1.383057597e+00 2.344639303e+00
4.546684598e-01 6.057417780e-02 2.288178427e+00
4.596752257e-01 -5.734162684e-01 1.901616758e+00
4.646819915e-01 -1.506719374e+00 1.908352923e+00
4.696887574e-01 1.229163850e+00 2.602232221e+00
4.746955233e-01 -1.564347061e+00 1.254163639e+00
4.797022892e-01 1.135689884e+00 2.138944904e+00
4.847090551e-01 -1.273334417e+00 1.407633134e+00
4.897158210e-01 1.062227141e+00 2.562199296e+00
4.947225868e-01 -1.517651176e+00 1.599408913e+00
4.997293527e-01 -2.251756477e+00 1.336433972e+00
5.047361186e-01 -1.400870643e+00 1.722133181e+00
5.097428845e-01 -1.760549776e+00 1.495696532e+00
5.147496504e-01 -1.991986094e-01 2.701177959e+00
5.197564163e-01 -6.329232266e-01 2.602188383e+00
5.247631821e-01 -3.097213632e+00 9.465679225e-01
5.297699480e-01 -1.168767349e+00 2.151299166e+00
5.347767139e-01 7.392417016e+00 5.072601589e+00
5.397834798e-01 2.241114242e+00 3.305960512e+00
5.447902457e-01 -3.112098589e+00 1.456220962e+00
5.497970116e-01 -2.259846632e+00 1.866098560e+00
5.548037775e-01 1.180456673e+00 2.893434456e+00
5.598105433e-01 -1.760320433e+00 2.014255067e+00
5.648173092e-01 -2.407388440e+00 2.041033049e+00
5.698240751e-01 -2.740875483e+00 1.706462939e+00
5.748308410e-01 1.624925825e+00 5.451065500e+00
5.798376069e-01 -3.155520044e-02 2.753011619e+00
5.848443728e-01 -1.535570642e+00 2.651600494e+00
5.898511386e-01 -1.513387242e+00 3.065728635e+00
5.948579045e-01 4.043490253e+00 4.363427841e+00
5.998646704e-01 7.924400985e-02 3.985777688e+00
6.048714363e-01 1.936259039e+00 5.225239806e+00
6.098782022e-01 8.051656542e+00 6.218200716e+00
6.148849681e-01 -6.547325046e+00 6.367629218e-01
6.198917339e-01 2.232774851e+00 4.714135538e+00
6.248984998e-01 -5.657346194e+00 1.788986375e+00
6.299052657e-01 -4.188390449e+00 3.770510109e+00
6.349120316e-01 1.402424731e+00 5.411166093e+00
6.399187975e-01 -6.743671501e+00 1.729356782e+00
6.449255634e-01 -4.707518942e+00 2.699638315e+00
6.499323292e-01 -5.507723420e+00 2.674808878e+00
6.549390951e-01 -4.861913582e+00 2.924092993e+00
6.599458610e-01 -6.749379721e+00 2.304411731e+00
6.649526269e-01 -6.966830895e+00 4.022717550e+00
6.699593928e-01 -3.159917032e+00 5.826874007e+00
6.749661587e-01 1.698389686e+00 6.593970500e+00
6.799729245e-01 5.341574065e+00 7.666895211e+00
6.849796904e-01 -2.773431392e+00 6.236762784e+00
6.899864563e-01 -7.787380666e+00 3.145385777e+00
6.949932222e-01 2.062046061e+01 2.136462988e+01
6.999999881e-01 8.383411706e+00 1.482097634e+01
