# MSlice Cut of workspace "LET77597_1.05meV_rings"
# Cut axis: DeltaE,-3.0,0.699999988079071,0.004999999888241291
# Integration axis: |Q|,1.0999999999999999,1.2,0.0
# (Energy Transfer (meV)) (Signal) (Error)
-3.000000000e+00          nan          nan
-2.994993234e+00          nan          nan
-2.989986468e+00          nan          nan
-2.984979702e+00          nan          nan
-2.979972936e+00          nan          nan
-2.974966171e+00          nan          nan
-2.969959405e+00          nan          nan
-2.964952639e+00          nan          nan
-2.959945873e+00          nan          nan
-2.954939107e+00          nan          nan
-2.949932341e+00          nan          nan
-2.944925575e+00          nan          nan
-2.939918809e+00          nan          nan
-2.934912044e+00          nan          nan
-2.929905278e+00          nan          nan
-2.924898512e+00          nan          nan
-2.919891746e+00          nan          nan
-2.914884980e+00          nan          nan
-2.909878214e+00          nan          nan
-2.904871448e+00          nan          nan
-2.899864682e+00          nan          nan
-2.894857916e+00          nan          nan
-2.889851151e+00          nan          nan
-2.884844385e+00          nan          nan
-2.879837619e+00          nan          nan
-2.874830853e+00          nan          nan
-2.869824087e+00          nan          nan
-2.864817321e+00          nan          nan
-2.859810555e+00          nan          nan
-2.854803789e+00          nan          nan
-2.849797023e+00          nan          nan
-2.844790258e+00          nan          nan
-2.839783492e+00          nan          nan
-2.834776726e+00          nan          nan
-2.829769960e+00          nan          nan
-2.824763194e+00          nan          nan
-2.819756428e+00          nan          nan
-2.814749662e+00          nan          nan
-2.809742896e+00          nan          nan
-2.804736131e+00          nan          nan
-2.799729365e+00          nan          nan
-2.794722599e+00          nan          nan
-2.789715833e+00          nan          nan
-2.784709067e+00          nan          nan
-2.779702301e+00          nan          nan
-2.774695535e+00          nan          nan
-2.769688769e+00          nan          nan
-2.764682003e+00          nan          nan
-2.759675238e+00          nan          nan
-2.754668472e+00          nan          nan
-2.749661706e+00          nan          nan
-2.744654940e+00          nan          nan
-2.739648174e+00          nan          nan
-2.734641408e+00          nan          nan
-2.729634642e+00          nan          nan
-2.724627876e+00          nan          nan
-2.719621111e+00          nan          nan
-2.714614345e+00          nan          nan
-2.709607579e+00          nan          nan
-2.704600813e+00          nan          nan
-2.699594047e+00          nan          nan
-2.694587281e+00          nan          nan
-2.689580515e+00          nan          nan
-2.684573749e+00          nan          nan
-2.679566983e+00          nan          nan
-2.674560218e+00          nan          nan
-2.669553452e+00          nan          nan
-2.664546686e+00          nan          nan
-2.659539920e+00          nan          nan
-2.654533154e+00          nan          nan
-2.649526388e+00          nan          nan
-2.644519622e+00          nan          nan
-2.639512856e+00          nan          nan
-2.634506090e+00          nan          nan
-2.629499325e+00          nan          nan
-2.624492559e+00          nan          nan
-2.619485793e+00          nan          nan
-2.614479027e+00          nan          nan
-2.609472261e+00          nan          nan
-2.604465495e+00          nan          nan
-2.599458729e+00          nan          nan
-2.594451963e+00          nan          nan
-2.589445198e+00          nan          nan
-2.584438432e+00          nan          nan
-2.579431666e+00          nan          nan
-2.574424900e+00          nan          nan
-2.569418134e+00          nan          nan
-2.564411368e+00          nan          nan
-2.559404602e+00          nan          nan
-2.554397836e+00          nan          nan
-2.549391070e+00          nan          nan
-2.544384305e+00          nan          nan
-2.539377539e+00          nan          nan
-2.534370773e+00          nan          nan
-2.529364007e+00          nan          nan
-2.524357241e+00          nan          nan
-2.519350475e+00          nan          nan
-2.514343709e+00          nan          nan
-2.509336943e+00          nan          nan
-2.504330178e+00          nan          nan
-2.499323412e+00          nan          nan
-2.494316646e+00          nan          nan
-2.489309880e+00          nan          nan
-2.484303114e+00          nan          nan
-2.479296348e+00          nan          nan
-2.474289582e+00          nan          nan
-2.469282816e+00          nan          nan
-2.464276050e+00          nan          nan
-2.459269285e+00          nan          nan
-2.454262519e+00          nan          nan
-2.449255753e+00          nan          nan
-2.444248987e+00          nan          nan
-2.439242221e+00          nan          nan
-2.434235455e+00          nan          nan
-2.429228689e+00          nan          nan
-2.424221923e+00          nan          nan
-2.419215157e+00          nan          nan
-2.414208392e+00          nan          nan
-2.409201626e+00          nan          nan
-2.404194860e+00          nan          nan
-2.399188094e+00          nan          nan
-2.394181328e+00          nan          nan
-2.389174562e+00          nan          nan
-2.384167796e+00          nan          nan
-2.379161030e+00          nan          nan
-2.374154265e+00          nan          nan
-2.369147499e+00          nan          nan
-2.364140733e+00          nan          nan
-2.359133967e+00          nan          nan
-2.354127201e+00          nan          nan
-2.349120435e+00          nan          nan
-2.344113669e+00          nan          nan
-2.339106903e+00          nan          nan
-2.334100137e+00          nan          nan
-2.329093372e+00          nan          nan
-2.324086606e+00          nan          nan
-2.319079840e+00          nan          nan
-2.314073074e+00          nan          nan
-2.309066308e+00          nan          nan
-2.304059542e+00          nan          nan
-2.299052776e+00          nan          nan
-2.294046010e+00          nan          nan
-2.289039245e+00          nan          nan
-2.284032479e+00          nan          nan
-2.279025713e+00          nan          nan
-2.274018947e+00          nan          nan
-2.269012181e+00          nan          nan
-2.264005415e+00          nan          nan
-2.258998649e+00          nan          nan
-2.253991883e+00          nan          nan
-2.248985117e+00          nan          nan
-2.243978352e+00          nan          nan
-2.238971586e+00          nan          nan
-2.233964820e+00          nan          nan
-2.228958054e+00          nan          nan
-2.223951288e+00          nan          nan
-2.218944522e+00          nan          nan
-2.213937756e+00          nan          nan
-2.208930990e+00          nan          nan
-2.203924224e+00          nan          nan
-2.198917459e+00          nan          nan
-2.193910693e+00          nan          nan
-2.188903927e+00          nan          nan
-2.183897161e+00          nan          nan
-2.178890395e+00          nan          nan
-2.173883629e+00          nan          nan
-2.168876863e+00          nan          nan
-2.163870097e+00          nan          nan
-2.158863332e+00          nan          nan
-2.153856566e+00          nan          nan
-2.148849800e+00          nan          nan
-2.143843034e+00          nan          nan
-2.138836268e+00          nan          nan
-2.133829502e+00          nan          nan
-2.128822736e+00          nan          nan
-2.123815970e+00          nan          nan
-2.118809204e+00          nan          nan
-2.113802439e+00          nan          nan
-2.108795673e+00          nan          nan
-2.103788907e+00          nan          nan
-2.098782141e+00          nan          nan
-2.093775375e+00          nan          nan
-2.088768609e+00          nan          nan
-2.083761843e+00          nan          nan
-2.078755077e+00          nan          nan
-2.073748312e+00          nan          nan
-2.068741546e+00          nan          nan
-2.063734780e+00          nan          nan
-2.058728014e+00          nan          nan
-2.053721248e+00          nan          nan
-2.048714482e+00          nan          nan
-2.043707716e+00          nan          nan
-2.038700950e+00          nan          nan
-2.033694184e+00          nan          nan
-2.028687419e+00          nan          nan
-2.023680653e+00          nan          nan
-2.018673887e+00          nan          nan
-2.013667121e+00          nan          nan
-2.008660355e+00          nan          nan
-2.003653589e+00          nan          nan
-1.998646823e+00          nan          nan
-1.993640057e+00          nan          nan
-1.988633291e+00          nan          nan
-1.983626526e+00          nan          nan
-1.978619760e+00          nan          nan
-1.973612994e+00          nan          nan
-1.968606228e+00          nan          nan
-1.963599462e+00          nan          nan
-1.958592696e+00          nan          nan
-1.953585930e+00          nan          nan
-1.948579164e+00          nan          nan
-1.943572399e+00          nan          nan
-1.938565633e+00          nan          nan
-1.933558867e+00          nan          nan
-1.928552101e+00          nan          nan
-1.923545335e+00          nan          nan
-1.918538569e+00          nan          nan
-1.913531803e+00          nan          nan
-1.908525037e+00          nan          nan
-1.903518271e+00          nan          nan
-1.898511506e+00          nan          nan
-1.893504740e+00          nan          nan
-1.888497974e+00          nan          nan
-1.883491208e+00          nan          nan
-1.878484442e+00          nan          nan
-1.873477676e+00          nan          nan
-1.868470910e+00          nan          nan
-1.863464144e+00          nan          nan
-1.858457379e+00          nan          nan
-1.853450613e+00          nan          nan
-1.848443847e+00          nan          nan
-1.843437081e+00          nan          nan
-1.838430315e+00          nan          nan
-1.833423549e+00          nan          nan
-1.828416783e+00          nan          nan
-1.823410017e+00          nan          nan
-1.818403251e+00          nan          nan
-1.813396486e+00          nan          nan
-1.808389720e+00          nan          nan
-1.803382954e+00          nan          nan
-1.798376188e+00          nan          nan
-1.793369422e+00          nan          nan
-1.788362656e+00          nan          nan
-1.783355890e+00          nan          nan
-1.778349124e+00          nan          nan
-1.773342358e+00          nan          nan
-1.768335593e+00          nan          nan
-1.763328827e+00          nan          nan
-1.758322061e+00          nan          nan
-1.753315295e+00          nan          nan
-1.748308529e+00          nan          nan
-1.743301763e+00          nan          nan
-1.738294997e+00          nan          nan
-1.733288231e+00          nan          nan
-1.728281466e+00          nan          nan
-1.723274700e+00          nan          nan
-1.718267934e+00          nan          nan
-1.713261168e+00          nan          nan
-1.708254402e+00          nan          nan
-1.703247636e+00          nan          nan
-1.698240870e+00          nan          nan
-1.693234104e+00          nan          nan
-1.688227338e+00          nan          nan
-1.683220573e+00          nan          nan
-1.678213807e+00          nan          nan
-1.673207041e+00          nan          nan
-1.668200275e+00          nan          nan
-1.663193509e+00          nan          nan
-1.658186743e+00          nan          nan
-1.653179977e+00          nan          nan
-1.648173211e+00          nan          nan
-1.643166446e+00          nan          nan
-1.638159680e+00          nan          nan
-1.633152914e+00          nan          nan
-1.628146148e+00          nan          nan
-1.623139382e+00          nan          nan
-1.618132616e+00          nan          nan
-1.613125850e+00          nan          nan
-1.608119084e+00          nan          nan
-1.603112318e+00          nan          nan
-1.598105553e+00          nan          nan
-1.593098787e+00          nan          nan
-1.588092021e+00          nan          nan
-1.583085255e+00          nan          nan
-1.578078489e+00          nan          nan
-1.573071723e+00          nan          nan
-1.568064957e+00          nan          nan
-1.563058191e+00          nan          nan
-1.558051425e+00          nan          nan
-1.553044660e+00          nan          nan
-1.548037894e+00          nan          nan
-1.543031128e+00          nan          nan
-1.538024362e+00          nan          nan
-1.533017596e+00          nan          nan
-1.528010830e+00          nan          nan
-1.523004064e+00          nan          nan
-1.517997298e+00          nan          nan
-1.512990533e+00          nan          nan
-1.507983767e+00          nan          nan
-1.502977001e+00          nan          nan
-1.497970235e+00          nan          nan
-1.492963469e+00          nan          nan
-1.487956703e+00          nan          nan
-1.482949937e+00          nan          nan
-1.477943171e+00          nan          nan
-1.472936405e+00          nan          nan
-1.467929640e+00          nan          nan
-1.462922874e+00          nan          nan
-1.457916108e+00          nan          nan
-1.452909342e+00          nan          nan
-1.447902576e+00          nan          nan
-1.442895810e+00          nan          nan
-1.437889044e+00          nan          nan
-1.432882278e+00          nan          nan
-1.427875513e+00          nan          nan
-1.422868747e+00          nan          nan
-1.417861981e+00          nan          nan
-1.412855215e+00          nan          nan
-1.407848449e+00          nan          nan
-1.402841683e+00          nan          nan
-1.397834917e+00          nan          nan
-1.392828151e+00          nan          nan
-1.387821385e+00          nan          nan
-1.382814620e+00          nan          nan
-1.377807854e+00          nan          nan
-1.372801088e+00          nan          nan
-1.367794322e+00          nan          nan
-1.362787556e+00          nan          nan
-1.357780790e+00          nan          nan
-1.352774024e+00          nan          nan
-1.347767258e+00          nan          nan
-1.342760492e+00          nan          nan
-1.337753727e+00          nan          nan
-1.332746961e+00          nan          nan
-1.327740195e+00          nan          nan
-1.322733429e+00          nan          nan
-1.317726663e+00          nan          nan
-1.312719897e+00          nan          nan
-1.307713131e+00          nan          nan
-1.302706365e+00          nan          nan
-1.297699600e+00          nan          nan
-1.292692834e+00          nan          nan
-1.287686068e+00          nan          nan
-1.282679302e+00          nan          nan
-1.277672536e+00          nan          nan
-1.272665770e+00          nan          nan
-1.267659004e+00          nan          nan
-1.262652238e+00          nan          nan
-1.257645472e+00          nan          nan
-1.252638707e+00          nan          nan
-1.247631941e+00          nan          nan
-1.242625175e+00          nan          nan
-1.237618409e+00          nan          nan
-1.232611643e+00          nan          nan
-1.227604877e+00          nan          nan
-1.222598111e+00          nan          nan
-1.217591345e+00          nan          nan
-1.212584580e+00          nan          nan
-1.207577814e+00          nan          nan
-1.202571048e+00          nan          nan
-1.197564282e+00          nan          nan
-1.192557516e+00          nan          nan
-1.187550750e+00          nan          nan
-1.182543984e+00          nan          nan
-1.177537218e+00          nan          nan
-1.172530452e+00          nan          nan
-1.167523687e+00          nan          nan
-1.162516921e+00          nan          nan
-1.157510155e+00          nan          nan
-1.152503389e+00          nan          nan
-1.147496623e+00          nan          nan
-1.142489857e+00          nan          nan
-1.137483091e+00          nan          nan
-1.132476325e+00          nan          nan
-1.127469559e+00          nan          nan
-1.122462794e+00          nan          nan
-1.117456028e+00          nan          nan
-1.112449262e+00          nan          nan
-1.107442496e+00          nan          nan
-1.102435730e+00          nan          nan
-1.097428964e+00          nan          nan
-1.092422198e+00          nan          nan
-1.087415432e+00          nan          nan
-1.082408667e+00          nan          nan
-1.077401901e+00          nan          nan
-1.072395135e+00          nan          nan
-1.067388369e+00          nan          nan
-1.062381603e+00          nan          nan
-1.057374837e+00          nan          nan
-1.052368071e+00          nan          nan
-1.047361305e+00          nan          nan
-1.042354539e+00          nan          nan
-1.037347774e+00          nan          nan
-1.032341008e+00          nan          nan
-1.027334242e+00          nan          nan
-1.022327476e+00          nan          nan
-1.017320710e+00          nan          nan
-1.012313944e+00          nan          nan
-1.007307178e+00          nan          nan
-1.002300412e+00          nan          nan
-9.972936465e-01          nan          nan
-9.922868806e-01          nan          nan
-9.872801147e-01          nan          nan
-9.822733489e-01          nan          nan
-9.772665830e-01          nan          nan
-9.722598171e-01          nan          nan
-9.672530512e-01          nan          nan
-9.622462853e-01          nan          nan
-9.572395194e-01          nan          nan
-9.522327536e-01          nan          nan
-9.472259877e-01          nan          nan
-9.422192218e-01          nan          nan
-9.372124559e-01          nan          nan
-9.322056900e-01          nan          nan
-9.271989241e-01          nan          nan
-9.221921583e-01          nan          nan
-9.171853924e-01          nan          nan
-9.121786265e-01          nan          nan
-9.071718606e-01          nan          nan
-9.021650947e-01          nan          nan
-8.971583288e-01          nan          nan
-8.921515629e-01          nan          nan
-8.871447971e-01          nan          nan
-8.821380312e-01          nan          nan
-8.771312653e-01          nan          nan
-8.721244994e-01          nan          nan
-8.671177335e-01          nan          nan
-8.621109676e-01          nan          nan
-8.571042018e-01          nan          nan
-8.520974359e-01          nan          nan
-8.470906700e-01          nan          nan
-8.420839041e-01          nan          nan
-8.370771382e-01 -2.351711084e-01 1.356023326e-02
-8.320703723e-01 -2.366753699e-01 1.363691428e-02
-8.270636065e-01 -2.378848450e-01 1.368232570e-02
-8.220568406e-01 1.895099715e+00 1.509193201e+00
-8.170500747e-01 1.509531168e+00 1.417621054e+00
-8.120433088e-01 2.906553199e-01 7.708414161e-01
-8.070365429e-01 -2.422288088e-01 1.389210662e-02
-8.020297770e-01 -2.433331295e-01 1.394662670e-02
-7.970230112e-01 -2.444483611e-01 1.400272907e-02
-7.920162453e-01 -2.455343241e-01 1.407535193e-02
-7.870094794e-01 -2.463691168e-01 1.413093426e-02
-7.820027135e-01 -2.471660954e-01 1.418148930e-02
-7.769959476e-01 -2.479516198e-01 1.423146024e-02
-7.719891817e-01 -2.486518741e-01 1.428236467e-02
-7.669824159e-01 -2.486720547e-01 1.432066855e-02
-7.619756500e-01 3.067761766e-01 8.048694644e-01
-7.569688841e-01 3.613064133e-01 8.426161501e-01
-7.519621182e-01 -2.483160077e-01 1.439458149e-02
-7.469553523e-01 -2.483748782e-01 1.442940063e-02
-7.419485864e-01 7.217644324e-01 1.034459007e+00
-7.369418206e-01 8.901468195e-03 5.449637360e-01
-7.319350547e-01 8.392822794e-01 1.089124104e+00
-7.269282888e-01 -2.503306074e-01 1.461454260e-02
-7.219215229e-01 -2.513344117e-01 1.468573311e-02
-7.169147570e-01 8.342211022e-01 1.087186661e+00
-7.119079911e-01 2.590037581e+00 1.791742757e+00
-7.069012253e-01 7.223356412e-01 1.028916802e+00
-7.018944594e-01 3.736750331e-01 8.346821301e-01
-6.968876935e-01 -2.581961381e-01 1.506450329e-02
-6.918809276e-01 -2.591900368e-01 1.513285975e-02
-6.868741617e-01 -2.597778975e-01 1.518873961e-02
-6.818673958e-01 -2.595507522e-01 1.524571765e-02
-6.768606299e-01 -2.592208486e-01 1.530982323e-02
-6.718538641e-01 -2.589936094e-01 1.537794542e-02
-6.668470982e-01 -2.588616889e-01 1.545452929e-02
-6.618403323e-01 -2.592524820e-01 1.557059550e-02
-6.568335664e-01 -2.598965944e-01 1.569443814e-02
-6.518268005e-01 9.069121443e-01 1.167195141e+00
-6.468200346e-01 -2.611001361e-01 1.594054193e-02
-6.418132688e-01 -2.634929707e-01 1.609128201e-02
-6.368065029e-01 -2.659336172e-01 1.624336174e-02
-6.317997370e-01 6.444181697e-01 9.130722923e-01
-6.267929711e-01 -2.723446491e-01 1.707291001e-02
-6.217862052e-01 -2.766417901e-01 1.674174480e-02
-6.167794393e-01 -2.807307436e-01 1.690656095e-02
-6.117726735e-01 -2.848952843e-01 1.707319095e-02
-6.067659076e-01 2.998972128e-01 8.162039083e-01
-6.017591417e-01 1.390033488e+00 1.388466737e+00
-5.967523758e-01 -3.027200406e-01 1.769272486e-02
-5.917456099e-01 4.043128612e-01 1.461532540e+00
-5.867388440e-01 1.960086050e+00 2.605867668e+00
-5.817320782e-01 -2.652051246e-01 2.514499501e-01
-5.767253123e-01 7.684983219e-01 1.121212722e+00
-5.717185464e-01 -3.315525847e-01 1.869465838e-02
-5.667117805e-01 -3.377445951e-01 1.889397239e-02
-5.617050146e-01 -3.423721779e-01 1.906999381e-02
-5.566982487e-01 -3.468451627e-01 1.925136115e-02
-5.516914829e-01 -3.511736623e-01 1.940821497e-02
-5.466847170e-01 4.919213273e-02 6.556309473e-01
-5.416779511e-01 2.967744147e-01 8.333497681e-01
-5.366711852e-01 -3.623594223e-01 1.985163963e-02
-5.316644193e-01 -3.658130207e-01 1.997857367e-02
-5.266576534e-01 -3.682316778e-01 2.010365657e-02
-5.216508876e-01 1.771228689e+00 1.552257156e+00
-5.166441217e-01 -2.658085188e-01 3.486034040e-01
-5.116373558e-01 -3.762401373e-01 2.044374636e-02
-5.066305899e-01 -3.795100127e-01 2.060251748e-02
-5.016238240e-01 7.350822715e-01 1.117562560e+00
-4.966170581e-01 1.404968267e+00 1.435215794e+00
-4.916102922e-01 1.360025907e+00 1.746193827e+00
-4.866035264e-01 -1.082144912e-01 5.735885261e-01
-4.815967605e-01 7.201287766e-01 1.137589720e+00
-4.765899946e-01 6.446380390e-01 1.091586391e+00
-4.715832287e-01 6.745059809e-01 1.098119264e+00
-4.665764628e-01 -4.001612805e-01 2.161932921e-02
-4.615696969e-01 -4.038713146e-01 2.171581912e-02
-4.565629311e-01 7.435793298e-01 1.153317616e+00
-4.515561652e-01 7.152386562e-01 1.132129456e+00
-4.465493993e-01 1.186642180e-01 7.853564111e-01
-4.415426334e-01 1.635163257e-01 8.201414536e-01
-4.365358675e-01 -1.156968345e-01 6.011162301e-01
-4.315291016e-01 3.609539699e-01 9.515699846e-01
-4.265223358e-01 -4.480970246e-01 2.327917708e-02
-4.215155699e-01 -4.528503622e-01 2.349310656e-02
-4.165088040e-01 2.967839556e+00 2.012127228e+00
-4.115020381e-01 -2.574831749e-01 4.937885551e-01
-4.064952722e-01 -4.633702526e-01 2.387487020e-02
-4.014885063e-01 2.323414319e-01 8.875201301e-01
-3.964817405e-01 5.464822946e-01 1.067128210e+00
-3.914749746e-01 6.160265488e-02 7.716812116e-01
-3.864682087e-01 -4.728171922e-01 2.436012504e-02
-3.814614428e-01 1.771080138e+00 1.588117564e+00
-3.764546769e-01 -4.760205992e-01 2.450946870e-02
-3.714479110e-01 -4.780993040e-01 2.466386393e-02
-3.664411452e-01 -4.802421366e-01 2.480349328e-02
-3.614343793e-01 1.593543869e+00 1.523653638e+00
-3.564276134e-01 -3.256403173e-01 4.247494697e-01
-3.514208475e-01 -4.893285808e-01 2.521547507e-02
-3.464140816e-01 -4.924341167e-01 2.534251701e-02
-3.414073157e-01 3.146055108e-02 7.653248682e-01
-3.364005499e-01 7.955075198e-02 8.020517228e-01
-3.313937840e-01 1.359272512e-01 8.499842006e-01
-3.263870181e-01 6.028213868e-01 1.114641007e+00
-3.213802522e-01 1.825492752e+00 1.618524914e+00
-3.163734863e-01 4.794901948e-01 1.053102428e+00
-3.113667204e-01 -5.273985249e-01 2.670983422e-02
-3.063599546e-01 2.615849773e+00 1.878978543e+00
-3.013531887e-01 7.865234142e-01 1.215608341e+00
-2.963464228e-01 5.893103201e-01 1.126717564e+00
-2.913396569e-01 1.321814790e-01 8.732093340e-01
-2.863328910e-01 -5.531481408e-01 2.770259076e-02
-2.813261251e-01 5.546567608e-01 1.112401313e+00
-2.763193592e-01 -5.617496251e-01 2.808714672e-02
-2.713125934e-01 -5.650379124e-01 2.820615198e-02
-2.663058275e-01 -5.676949287e-01 2.835703596e-02
-2.612990616e-01 -5.707317737e-01 2.852199604e-02
-2.562922957e-01 1.511825561e+00 1.532494516e+00
-2.512855298e-01 4.217647121e-01 1.055846668e+00
-2.462787639e-01 1.753040046e+00 1.615609674e+00
-2.412719981e-01 -5.953937665e-01 2.937957444e-02
-2.362652322e-01 -6.044325552e-01 2.969651459e-02
-2.312584663e-01 5.008566087e-01 1.116038236e+00
-2.262517004e-01 -6.239659065e-01 3.019115473e-02
-2.212449345e-01 4.698340679e-01 1.101959784e+00
-2.162381686e-01 -5.324717584e-01 3.428365260e-01
-2.112314028e-01 1.459507673e+00 1.524033043e+00
-2.062246369e-01 3.553450286e-01 1.056426886e+00
-2.012178710e-01 1.449634888e+00 1.521890026e+00
-1.962111051e-01 6.833167899e-01 1.230755838e+00
-1.912043392e-01 3.196238720e-01 1.042208797e+00
-1.861975733e-01 3.547135797e-01 1.060677616e+00
-1.811908075e-01 -1.185517603e-01 7.688592795e-01
-1.761840416e-01 -2.802887874e-01 6.381749868e-01
-1.711772757e-01 3.450313130e-01 1.045630517e+00
-1.661705098e-01 3.377296728e-01 1.039941421e+00
-1.611637439e-01 3.313890054e-01 1.036225024e+00
-1.561569780e-01 3.856672919e-01 1.068174709e+00
-1.511502122e-01 -6.613870443e-01 3.224697596e-02
-1.461434463e-01 -6.690490321e-01 3.266377590e-02
-1.411366804e-01 -6.766735657e-01 3.312808822e-02
-1.361299145e-01 2.141900031e+00 1.762063271e+00
-1.311231486e-01 -2.201353785e-01 7.180014567e-01
-1.261163827e-01 -6.959493919e-01 3.443191859e-02
-1.211096169e-01 1.470062625e+00 1.535668670e+00
-1.161028510e-01 -2.868747713e-01 6.776069775e-01
-1.110960851e-01 1.058744956e+00 1.388361385e+00
-1.060893192e-01 -7.097701036e-01 3.544929037e-02
-1.010825533e-01 2.769850612e-01 1.042635261e+00
-9.607578743e-02 -6.142914145e-01 3.381870004e-01
-9.106902155e-02 3.534824954e-01 1.075593953e+00
-8.606225567e-02 3.612855653e-01 1.085476179e+00
-8.105548978e-02 -6.921552212e-02 8.440189923e-01
-7.604872390e-02 1.335563477e+00 1.524135317e+00
-7.104195802e-02 6.313928088e-01 1.285547351e+00
-6.603519213e-02 -7.432916656e-01 3.707075248e-02
-6.102842625e-02 3.342900398e-01 1.084080554e+00
-5.602166036e-02 4.239923984e-01 1.128187794e+00
-5.101489448e-02 1.285663144e+00 1.484023956e+00
-4.600812860e-02 2.290069717e+00 1.808774801e+00
-4.100136271e-02 8.077119697e-01 1.294598678e+00
-3.599459683e-02 2.034876073e+01 4.837692664e+00
-3.098783095e-02 5.262445328e+01 7.890509294e+00
-2.598106506e-02 1.526782572e+02 1.305454185e+01
-2.097429918e-02 3.690306373e+02 2.053467391e+01
-1.596753329e-02 8.769203909e+02 3.160216487e+01
-1.096076741e-02 1.645665929e+03 4.344378179e+01
-5.954001527e-03 2.410005095e+03 5.227874655e+01
-9.472356436e-04 2.721257965e+03 5.558083351e+01
4.059530240e-03 2.614890539e+03 5.432957933e+01
9.066296124e-03 1.975362844e+03 4.753945057e+01
1.407306201e-02 1.208355805e+03 3.717484399e+01
1.907982789e-02 4.718325206e+02 2.318884905e+01
2.408659378e-02 1.359945162e+02 1.242421090e+01
2.909335966e-02 1.760938198e+01 4.469182787e+00
3.410012554e-02 7.767145338e+00 3.260809410e+00
3.910689143e-02 5.895432505e+00 2.906864232e+00
4.411365731e-02 5.314724737e+00 2.534133743e+00
4.912042319e-02 3.608680700e+00 2.166272160e+00
5.412718908e-02 -7.407445173e-01 4.687713449e-01
5.913395496e-02 2.935947025e+00 2.016003479e+00
6.414072084e-02 4.644848706e+00 2.678236448e+00
6.914748673e-02 2.771262368e+00 2.059140627e+00
7.415425261e-02 -4.813074017e-01 6.959309970e-01
7.916101850e-02 1.105787493e-01 1.055847022e+00
8.416778438e-02 4.709809950e-01 1.219994675e+00
8.917455026e-02 6.300151864e-01 1.273553865e+00
9.418131615e-02 1.127816515e+00 1.452260043e+00
9.918808203e-02 -2.449726502e-01 8.711438526e-01
1.041948479e-01 -1.345347060e-01 9.351294472e-01
1.092016138e-01 1.293404405e-01 1.081145439e+00
1.142083797e-01 -2.628711691e-02 1.017623056e+00
1.192151456e-01 5.389074331e-01 1.354802786e+00
1.242219114e-01 1.668747695e-01 1.151454163e+00
1.292286773e-01 -7.185234185e-01 6.020831739e-01
1.342354432e-01 -1.508245730e-01 9.870671969e-01
1.392422091e-01 3.772721015e-01 1.214378310e+00
1.442489750e-01 9.553484289e-01 1.459076465e+00
1.492557409e-01 9.226826089e-01 1.434164224e+00
1.542625068e-01 -1.373735016e-01 9.768757978e-01
1.592692726e-01 -1.123637913e+00 5.143568240e-02
1.642760385e-01 -6.965399695e-01 6.824715603e-01
1.692828044e-01 6.222664014e-01 1.318945104e+00
1.742895703e-01 -8.832388762e-01 5.446991774e-01
1.792963362e-01 -2.234235984e-01 9.684918055e-01
1.843031021e-01 -2.463186491e-01 9.664367762e-01
1.893098679e-01 -2.799023384e-01 9.441091012e-01
1.943166338e-01 6.136372950e-02 1.175680476e+00
1.993233997e-01 -3.682608413e-01 1.085115421e+00
2.043301656e-01 6.721541129e-01 1.357069886e+00
2.093369315e-01 -1.248355884e+00 5.640943944e-02
2.143436974e-01 -1.249253923e+00 5.641089462e-02
2.193504632e-01 1.236469499e+00 1.828636602e+00
2.243572291e-01 -1.248735294e+00 5.624413766e-02
2.293639950e-01 3.309968029e-01 1.243966314e+00
2.343707609e-01 -8.609839150e-01 6.396055763e-01
2.393775268e-01 1.813616314e+00 1.782244983e+00
2.443842927e-01 -9.267375226e-01 6.077402663e-01
2.493910585e-01 4.310414343e-01 1.334044159e+00
2.543978244e-01 -1.173447819e+00 3.555110863e-01
2.594045903e-01 -5.388257383e-01 8.569429322e-01
2.644113562e-01 -1.355786932e+00 6.321543808e-02
2.694181221e-01 1.627672230e+00 1.693557623e+00
2.744248880e-01 -8.001388573e-02 1.131466272e+00
2.794316538e-01 -1.408901334e+00 1.222649909e-01
2.844384197e-01 5.279690184e-01 1.394304804e+00
2.894451856e-01 -9.758443665e-01 7.135379800e-01
2.944519515e-01 -9.412551114e-01 7.597132140e-01
2.994587174e-01 1.634439099e+00 1.815561543e+00
3.044654833e-01 -1.097031160e+00 6.789457348e-01
3.094722491e-01 -1.742458021e-01 1.273782100e+00
3.144790150e-01 -1.545509036e+00 7.970590664e-02
3.194857809e-01 -4.286303458e-01 1.134081302e+00
3.244925468e-01 -6.244230526e-01 1.057532635e+00
3.294993127e-01 6.670540791e-01 1.632728047e+00
3.345060786e-01 1.181200434e+00 2.068645593e+00
3.395128445e-01 -1.976709470e-01 1.521920958e+00
3.445196103e-01 -2.833538628e-01 1.417103700e+00
3.495263762e-01 3.936692891e+00 2.892570940e+00
3.545331421e-01 2.087866245e-01 1.967055442e+00
3.595399080e-01 2.140463852e+00 2.800238519e+00
3.645466739e-01 3.985702399e-01 1.727581670e+00
3.695534398e-01 -1.730045480e+00 1.055997497e-01
3.745602056e-01 -1.755123688e+00 1.088413119e-01
3.795669715e-01 -1.782615841e+00 1.123712403e-01
3.845737374e-01 -6.507474695e-01 1.428089933e+00
3.895805033e-01 1.618694290e+00 2.509584852e+00
3.945872692e-01 -2.316001254e-01 1.723547837e+00
3.995940351e-01 -9.503561975e-01 1.306124969e+00
4.046008009e-01 -1.913696203e+00 1.334529080e-01
4.096075668e-01 1.431876583e-01 2.080554902e+00
4.146143327e-01 -1.937160193e+00 1.433521380e-01
4.196210986e-01 -1.936039590e+00 1.485842124e-01
4.246278645e-01 -1.943613819e+00 1.543405940e-01
4.296346304e-01 -1.972427603e+00 1.611130251e-01
4.346413962e-01 6.130073739e-01 2.627025080e+00
4.396481621e-01 3.034158137e+00 6.464327841e+00
4.446549280e-01 1.197256819e+00 5.329622837e+00
4.496616939e-01 -2.127008453e+00 1.965133164e-01
4.546684598e-01 -2.144816177e+00 2.070539864e-01
4.596752257e-01 4.083107619e+00 4.855159385e+00
4.646819915e-01 -2.128760637e+00 2.305874851e-01
4.696887574e-01 9.966388459e+00 1.210785004e+01
4.746955233e-01 -2.170576029e+00 2.623494414e-01
4.797022892e-01 3.043266086e+00 5.245681031e+00
4.847090551e-01 3.776757290e+00 6.017693558e+00
4.897158210e-01 -2.286071108e+00 3.284524606e-01
4.947225868e-01 -2.360865058e+00 3.661713074e-01
4.997293527e-01 -2.496471360e+00 4.185458272e-01
5.047361186e-01 8.259101659e+00 1.774207685e+01
5.097428845e-01 1.929435191e+01 2.822379895e+01
5.147496504e-01 -3.194725254e+00 7.522041189e-01
5.197564163e-01 -3.714058373e+00 1.052276818e+00
5.247631821e-01 -4.368797237e+00 1.721363142e+00
5.297699480e-01 -5.061854895e+00 3.920483800e+00
5.347767139e-01          nan          nan
5.397834798e-01          nan          nan
5.447902457e-01          nan          nan
5.497970116e-01          nan          nan
5.548037775e-01          nan          nan
5.598105433e-01          nan          nan
5.648173092e-01          nan          nan
5.698240751e-01          nan          nan
5.748308410e-01          nan          nan
5.798376069e-01          nan          nan
5.848443728e-01          nan          nan
5.898511386e-01          nan          nan
5.948579045e-01          nan          nan
5.998646704e-01          nan          nan
6.048714363e-01          nan          nan
6.098782022e-01          nan          nan
6.148849681e-01          nan          nan
6.198917339e-01          nan          nan
6.248984998e-01          nan          nan
6.299052657e-01          nan          nan
6.349120316e-01          nan          nan
6.399187975e-01          nan          nan
6.449255634e-01          nan          nan
6.499323292e-01          nan          nan
6.549390951e-01          nan          nan
6.599458610e-01          nan          nan
6.649526269e-01          nan          nan
6.699593928e-01          nan          nan
6.749661587e-01          nan          nan
6.799729245e-01          nan          nan
6.849796904e-01          nan          nan
6.899864563e-01          nan          nan
6.949932222e-01          nan          nan
6.999999881e-01          nan          nan
