# MSlice Cut of workspace "LET77597_1.05meV_rings"
# Cut axis: DeltaE,-3.0,0.699999988079071,0.004999999888241291
# Integration axis: |Q|,0.9999999999999999,1.0999999999999999,0.0
# (Energy Transfer (meV)) (Signal) (Error)
-3.000000000e+00          nan          nan
-2.994993234e+00          nan          nan
-2.989986468e+00          nan          nan
-2.984979702e+00          nan          nan
-2.979972936e+00          nan          nan
-2.974966171e+00          nan          nan
-2.969959405e+00          nan          nan
-2.964952639e+00          nan          nan
-2.959945873e+00          nan          nan
-2.954939107e+00          nan          nan
-2.949932341e+00          nan          nan
-2.944925575e+00          nan          nan
-2.939918809e+00          nan          nan
-2.934912044e+00          nan          nan
-2.929905278e+00          nan          nan
-2.924898512e+00          nan          nan
-2.919891746e+00          nan          nan
-2.914884980e+00          nan          nan
-2.909878214e+00          nan          nan
-2.904871448e+00          nan          nan
-2.899864682e+00          nan          nan
-2.894857916e+00          nan          nan
-2.889851151e+00          nan          nan
-2.884844385e+00          nan          nan
-2.879837619e+00          nan          nan
-2.874830853e+00          nan          nan
-2.869824087e+00          nan          nan
-2.864817321e+00          nan          nan
-2.859810555e+00          nan          nan
-2.854803789e+00          nan          nan
-2.849797023e+00          nan          nan
-2.844790258e+00          nan          nan
-2.839783492e+00          nan          nan
-2.834776726e+00          nan          nan
-2.829769960e+00          nan          nan
-2.824763194e+00          nan          nan
-2.819756428e+00          nan          nan
-2.814749662e+00          nan          nan
-2.809742896e+00          nan          nan
-2.804736131e+00          nan          nan
-2.799729365e+00          nan          nan
-2.794722599e+00          nan          nan
-2.789715833e+00          nan          nan
-2.784709067e+00          nan          nan
-2.779702301e+00          nan          nan
-2.774695535e+00          nan          nan
-2.769688769e+00          nan          nan
-2.764682003e+00          nan          nan
-2.759675238e+00          nan          nan
-2.754668472e+00          nan          nan
-2.749661706e+00          nan          nan
-2.744654940e+00          nan          nan
-2.739648174e+00          nan          nan
-2.734641408e+00          nan          nan
-2.729634642e+00          nan          nan
-2.724627876e+00          nan          nan
-2.719621111e+00          nan          nan
-2.714614345e+00          nan          nan
-2.709607579e+00          nan          nan
-2.704600813e+00          nan          nan
-2.699594047e+00          nan          nan
-2.694587281e+00          nan          nan
-2.689580515e+00          nan          nan
-2.684573749e+00          nan          nan
-2.679566983e+00          nan          nan
-2.674560218e+00          nan          nan
-2.669553452e+00          nan          nan
-2.664546686e+00          nan          nan
-2.659539920e+00          nan          nan
-2.654533154e+00          nan          nan
-2.649526388e+00          nan          nan
-2.644519622e+00          nan          nan
-2.639512856e+00          nan          nan
-2.634506090e+00          nan          nan
-2.629499325e+00          nan          nan
-2.624492559e+00          nan          nan
-2.619485793e+00          nan          nan
-2.614479027e+00          nan          nan
-2.609472261e+00          nan          nan
-2.604465495e+00          nan          nan
-2.599458729e+00          nan          nan
-2.594451963e+00          nan          nan
-2.589445198e+00          nan          nan
-2.584438432e+00          nan          nan
-2.579431666e+00          nan          nan
-2.574424900e+00          nan          nan
-2.569418134e+00          nan          nan
-2.564411368e+00          nan          nan
-2.559404602e+00          nan          nan
-2.554397836e+00          nan          nan
-2.549391070e+00          nan          nan
-2.544384305e+00          nan          nan
-2.539377539e+00          nan          nan
-2.534370773e+00          nan          nan
-2.529364007e+00          nan          nan
-2.524357241e+00          nan          nan
-2.519350475e+00          nan          nan
-2.514343709e+00          nan          nan
-2.509336943e+00          nan          nan
-2.504330178e+00          nan          nan
-2.499323412e+00          nan          nan
-2.494316646e+00          nan          nan
-2.489309880e+00          nan          nan
-2.484303114e+00          nan          nan
-2.479296348e+00          nan          nan
-2.474289582e+00          nan          nan
-2.469282816e+00          nan          nan
-2.464276050e+00          nan          nan
-2.459269285e+00          nan          nan
-2.454262519e+00          nan          nan
-2.449255753e+00          nan          nan
-2.444248987e+00          nan          nan
-2.439242221e+00          nan          nan
-2.434235455e+00          nan          nan
-2.429228689e+00          nan          nan
-2.424221923e+00          nan          nan
-2.419215157e+00          nan          nan
-2.414208392e+00          nan          nan
-2.409201626e+00          nan          nan
-2.404194860e+00          nan          nan
-2.399188094e+00          nan          nan
-2.394181328e+00          nan          nan
-2.389174562e+00          nan          nan
-2.384167796e+00          nan          nan
-2.379161030e+00          nan          nan
-2.374154265e+00          nan          nan
-2.369147499e+00          nan          nan
-2.364140733e+00          nan          nan
-2.359133967e+00          nan          nan
-2.354127201e+00          nan          nan
-2.349120435e+00          nan          nan
-2.344113669e+00          nan          nan
-2.339106903e+00          nan          nan
-2.334100137e+00          nan          nan
-2.329093372e+00          nan          nan
-2.324086606e+00          nan          nan
-2.319079840e+00          nan          nan
-2.314073074e+00          nan          nan
-2.309066308e+00          nan          nan
-2.304059542e+00          nan          nan
-2.299052776e+00          nan          nan
-2.294046010e+00          nan          nan
-2.289039245e+00          nan          nan
-2.284032479e+00          nan          nan
-2.279025713e+00          nan          nan
-2.274018947e+00          nan          nan
-2.269012181e+00          nan          nan
-2.264005415e+00          nan          nan
-2.258998649e+00          nan          nan
-2.253991883e+00          nan          nan
-2.248985117e+00          nan          nan
-2.243978352e+00          nan          nan
-2.238971586e+00          nan          nan
-2.233964820e+00          nan          nan
-2.228958054e+00          nan          nan
-2.223951288e+00          nan          nan
-2.218944522e+00          nan          nan
-2.213937756e+00          nan          nan
-2.208930990e+00          nan          nan
-2.203924224e+00          nan          nan
-2.198917459e+00          nan          nan
-2.193910693e+00          nan          nan
-2.188903927e+00          nan          nan
-2.183897161e+00          nan          nan
-2.178890395e+00          nan          nan
-2.173883629e+00          nan          nan
-2.168876863e+00          nan          nan
-2.163870097e+00          nan          nan
-2.158863332e+00          nan          nan
-2.153856566e+00          nan          nan
-2.148849800e+00          nan          nan
-2.143843034e+00          nan          nan
-2.138836268e+00          nan          nan
-2.133829502e+00          nan          nan
-2.128822736e+00          nan          nan
-2.123815970e+00          nan          nan
-2.118809204e+00          nan          nan
-2.113802439e+00          nan          nan
-2.108795673e+00          nan          nan
-2.103788907e+00          nan          nan
-2.098782141e+00          nan          nan
-2.093775375e+00          nan          nan
-2.088768609e+00          nan          nan
-2.083761843e+00          nan          nan
-2.078755077e+00          nan          nan
-2.073748312e+00          nan          nan
-2.068741546e+00          nan          nan
-2.063734780e+00          nan          nan
-2.058728014e+00          nan          nan
-2.053721248e+00          nan          nan
-2.048714482e+00          nan          nan
-2.043707716e+00          nan          nan
-2.038700950e+00          nan          nan
-2.033694184e+00          nan          nan
-2.028687419e+00          nan          nan
-2.023680653e+00          nan          nan
-2.018673887e+00          nan          nan
-2.013667121e+00          nan          nan
-2.008660355e+00          nan          nan
-2.003653589e+00          nan          nan
-1.998646823e+00          nan          nan
-1.993640057e+00          nan          nan
-1.988633291e+00          nan          nan
-1.983626526e+00          nan          nan
-1.978619760e+00          nan          nan
-1.973612994e+00          nan          nan
-1.968606228e+00          nan          nan
-1.963599462e+00          nan          nan
-1.958592696e+00          nan          nan
-1.953585930e+00          nan          nan
-1.948579164e+00          nan          nan
-1.943572399e+00          nan          nan
-1.938565633e+00          nan          nan
-1.933558867e+00          nan          nan
-1.928552101e+00          nan          nan
-1.923545335e+00          nan          nan
-1.918538569e+00          nan          nan
-1.913531803e+00          nan          nan
-1.908525037e+00          nan          nan
-1.903518271e+00          nan          nan
-1.898511506e+00          nan          nan
-1.893504740e+00          nan          nan
-1.888497974e+00          nan          nan
-1.883491208e+00          nan          nan
-1.878484442e+00          nan          nan
-1.873477676e+00          nan          nan
-1.868470910e+00          nan          nan
-1.863464144e+00          nan          nan
-1.858457379e+00          nan          nan
-1.853450613e+00          nan          nan
-1.848443847e+00          nan          nan
-1.843437081e+00          nan          nan
-1.838430315e+00          nan          nan
-1.833423549e+00          nan          nan
-1.828416783e+00          nan          nan
-1.823410017e+00          nan          nan
-1.818403251e+00          nan          nan
-1.813396486e+00          nan          nan
-1.808389720e+00          nan          nan
-1.803382954e+00          nan          nan
-1.798376188e+00          nan          nan
-1.793369422e+00          nan          nan
-1.788362656e+00          nan          nan
-1.783355890e+00          nan          nan
-1.778349124e+00          nan          nan
-1.773342358e+00          nan          nan
-1.768335593e+00          nan          nan
-1.763328827e+00          nan          nan
-1.758322061e+00          nan          nan
-1.753315295e+00          nan          nan
-1.748308529e+00          nan          nan
-1.743301763e+00          nan          nan
-1.738294997e+00          nan          nan
-1.733288231e+00          nan          nan
-1.728281466e+00          nan          nan
-1.723274700e+00          nan          nan
-1.718267934e+00          nan          nan
-1.713261168e+00          nan          nan
-1.708254402e+00          nan          nan
-1.703247636e+00          nan          nan
-1.698240870e+00          nan          nan
-1.693234104e+00          nan          nan
-1.688227338e+00          nan          nan
-1.683220573e+00          nan          nan
-1.678213807e+00          nan          nan
-1.673207041e+00          nan          nan
-1.668200275e+00          nan          nan
-1.663193509e+00          nan          nan
-1.658186743e+00          nan          nan
-1.653179977e+00          nan          nan
-1.648173211e+00          nan          nan
-1.643166446e+00          nan          nan
-1.638159680e+00          nan          nan
-1.633152914e+00          nan          nan
-1.628146148e+00          nan          nan
-1.623139382e+00          nan          nan
-1.618132616e+00          nan          nan
-1.613125850e+00          nan          nan
-1.608119084e+00          nan          nan
-1.603112318e+00          nan          nan
-1.598105553e+00          nan          nan
-1.593098787e+00          nan          nan
-1.588092021e+00          nan          nan
-1.583085255e+00          nan          nan
-1.578078489e+00          nan          nan
-1.573071723e+00          nan          nan
-1.568064957e+00          nan          nan
-1.563058191e+00          nan          nan
-1.558051425e+00          nan          nan
-1.553044660e+00          nan          nan
-1.548037894e+00          nan          nan
-1.543031128e+00          nan          nan
-1.538024362e+00          nan          nan
-1.533017596e+00          nan          nan
-1.528010830e+00          nan          nan
-1.523004064e+00          nan          nan
-1.517997298e+00          nan          nan
-1.512990533e+00          nan          nan
-1.507983767e+00          nan          nan
-1.502977001e+00          nan          nan
-1.497970235e+00          nan          nan
-1.492963469e+00          nan          nan
-1.487956703e+00          nan          nan
-1.482949937e+00          nan          nan
-1.477943171e+00          nan          nan
-1.472936405e+00          nan          nan
-1.467929640e+00          nan          nan
-1.462922874e+00          nan          nan
-1.457916108e+00          nan          nan
-1.452909342e+00          nan          nan
-1.447902576e+00          nan          nan
-1.442895810e+00          nan          nan
-1.437889044e+00          nan          nan
-1.432882278e+00          nan          nan
-1.427875513e+00          nan          nan
-1.422868747e+00          nan          nan
-1.417861981e+00          nan          nan
-1.412855215e+00          nan          nan
-1.407848449e+00          nan          nan
-1.402841683e+00          nan          nan
-1.397834917e+00          nan          nan
-1.392828151e+00          nan          nan
-1.387821385e+00          nan          nan
-1.382814620e+00          nan          nan
-1.377807854e+00          nan          nan
-1.372801088e+00          nan          nan
-1.367794322e+00          nan          nan
-1.362787556e+00          nan          nan
-1.357780790e+00          nan          nan
-1.352774024e+00          nan          nan
-1.347767258e+00          nan          nan
-1.342760492e+00          nan          nan
-1.337753727e+00          nan          nan
-1.332746961e+00          nan          nan
-1.327740195e+00          nan          nan
-1.322733429e+00          nan          nan
-1.317726663e+00          nan          nan
-1.312719897e+00          nan          nan
-1.307713131e+00          nan          nan
-1.302706365e+00          nan          nan
-1.297699600e+00          nan          nan
-1.292692834e+00          nan          nan
-1.287686068e+00          nan          nan
-1.282679302e+00          nan          nan
-1.277672536e+00          nan          nan
-1.272665770e+00          nan          nan
-1.267659004e+00          nan          nan
-1.262652238e+00          nan          nan
-1.257645472e+00          nan          nan
-1.252638707e+00          nan          nan
-1.247631941e+00          nan          nan
-1.242625175e+00          nan          nan
-1.237618409e+00          nan          nan
-1.232611643e+00          nan          nan
-1.227604877e+00          nan          nan
-1.222598111e+00          nan          nan
-1.217591345e+00          nan          nan
-1.212584580e+00          nan          nan
-1.207577814e+00          nan          nan
-1.202571048e+00          nan          nan
-1.197564282e+00          nan          nan
-1.192557516e+00          nan          nan
-1.187550750e+00          nan          nan
-1.182543984e+00          nan          nan
-1.177537218e+00          nan          nan
-1.172530452e+00          nan          nan
-1.167523687e+00          nan          nan
-1.162516921e+00          nan          nan
-1.157510155e+00          nan          nan
-1.152503389e+00          nan          nan
-1.147496623e+00          nan          nan
-1.142489857e+00          nan          nan
-1.137483091e+00          nan          nan
-1.132476325e+00          nan          nan
-1.127469559e+00          nan          nan
-1.122462794e+00          nan          nan
-1.117456028e+00          nan          nan
-1.112449262e+00          nan          nan
-1.107442496e+00          nan          nan
-1.102435730e+00          nan          nan
-1.097428964e+00          nan          nan
-1.092422198e+00          nan          nan
-1.087415432e+00          nan          nan
-1.082408667e+00          nan          nan
-1.077401901e+00          nan          nan
-1.072395135e+00          nan          nan
-1.067388369e+00          nan          nan
-1.062381603e+00          nan          nan
-1.057374837e+00          nan          nan
-1.052368071e+00          nan          nan
-1.047361305e+00          nan          nan
-1.042354539e+00          nan          nan
-1.037347774e+00          nan          nan
-1.032341008e+00          nan          nan
-1.027334242e+00          nan          nan
-1.022327476e+00          nan          nan
-1.017320710e+00          nan          nan
-1.012313944e+00          nan          nan
-1.007307178e+00          nan          nan
-1.002300412e+00          nan          nan
-9.972936465e-01          nan          nan
-9.922868806e-01          nan          nan
-9.872801147e-01          nan          nan
-9.822733489e-01          nan          nan
-9.772665830e-01          nan          nan
-9.722598171e-01          nan          nan
-9.672530512e-01          nan          nan
-9.622462853e-01          nan          nan
-9.572395194e-01          nan          nan
-9.522327536e-01          nan          nan
-9.472259877e-01          nan          nan
-9.422192218e-01          nan          nan
-9.372124559e-01          nan          nan
-9.322056900e-01          nan          nan
-9.271989241e-01          nan          nan
-9.221921583e-01          nan          nan
-9.171853924e-01          nan          nan
-9.121786265e-01          nan          nan
-9.071718606e-01          nan          nan
-9.021650947e-01          nan          nan
-8.971583288e-01          nan          nan
-8.921515629e-01          nan          nan
-8.871447971e-01          nan          nan
-8.821380312e-01          nan          nan
-8.771312653e-01          nan          nan
-8.721244994e-01          nan          nan
-8.671177335e-01          nan          nan
-8.621109676e-01          nan          nan
-8.571042018e-01          nan          nan
-8.520974359e-01          nan          nan
-8.470906700e-01          nan          nan
-8.420839041e-01          nan          nan
-8.370771382e-01 -2.773251727e-01 1.626329753e-02
-8.320703723e-01 -2.793778792e-01 1.639322533e-02
-8.270636065e-01 -2.812874245e-01 1.649414157e-02
-8.220568406e-01 -2.831656072e-01 1.658664296e-02
-8.170500747e-01 -2.851964413e-01 1.666234129e-02
-8.120433088e-01 -2.870866905e-01 1.675514316e-02
-8.070365429e-01 9.849181934e-02 6.715112088e-01
-8.020297770e-01 4.844859118e-01 9.496097936e-01
-7.970230112e-01 8.901907012e-01 1.182348405e+00
-7.920162453e-01 -2.932657320e-01 1.708145670e-02
-7.870094794e-01 -2.949696620e-01 1.716008733e-02
-7.820027135e-01 -2.966404203e-01 1.727082624e-02
-7.769959476e-01 -2.983179494e-01 1.737955968e-02
-7.719891817e-01 -3.002018846e-01 1.746119218e-02
-7.669824159e-01 -3.024836997e-01 1.753499444e-02
-7.619756500e-01 -3.046784018e-01 1.762654632e-02
-7.569688841e-01 1.432993419e-01 7.301389068e-01
-7.519621182e-01 4.234068230e-01 9.322989119e-01
-7.469553523e-01 -3.125198215e-01 1.799624517e-02
-7.419485864e-01 1.067176718e-02 6.827751230e-01
-7.369418206e-01 1.209256366e+00 1.605371076e+00
-7.319350547e-01 2.854022563e+00 3.174221307e+00
-7.269282888e-01 -3.222479442e-01 1.844101940e-02
-7.219215229e-01 -3.243954793e-01 1.853690821e-02
-7.169147570e-01 -3.261581672e-01 1.861474647e-02
-7.119079911e-01 -3.278700177e-01 1.869608118e-02
-7.069012253e-01 -3.295028232e-01 1.878478309e-02
-7.018944594e-01 -3.308232586e-01 1.889626537e-02
-6.968876935e-01 -3.319028295e-01 1.897452476e-02
-6.918809276e-01 -3.327685706e-01 1.903433427e-02
-6.868741617e-01 -3.336403426e-01 1.909450530e-02
-6.818673958e-01 -3.345252787e-01 1.916075281e-02
-6.768606299e-01 -3.352607355e-01 1.925242132e-02
-6.718538641e-01 -3.360107885e-01 1.933470576e-02
-6.668470982e-01 -3.371482911e-01 1.940220575e-02
-6.618403323e-01 -3.383062564e-01 1.946979320e-02
-6.568335664e-01 8.587283557e-01 1.198354350e+00
-6.518268005e-01 8.629505192e-01 1.203945484e+00
-6.468200346e-01 8.422226896e-01 1.185007477e+00
-6.418132688e-01 -3.447716890e-01 1.984984054e-02
-6.368065029e-01 -3.469566484e-01 1.994445115e-02
-6.317997370e-01 -3.490408147e-01 2.003407698e-02
-6.267929711e-01 -3.509988362e-01 2.015387395e-02
-6.217862052e-01 -3.530918475e-01 2.028109268e-02
-6.167794393e-01 2.062978560e+00 1.710165222e+00
-6.117726735e-01 3.914871448e-01 9.523167273e-01
-6.067659076e-01 1.011081577e-01 7.452403325e-01
-6.017591417e-01 1.595053302e-01 7.930862768e-01
-5.967523758e-01 1.539448669e+00 1.515926881e+00
-5.917456099e-01 1.130434466e+00 1.341431937e+00
-5.867388440e-01 5.624863584e-01 1.060720053e+00
-5.817320782e-01 -3.053799830e-01 2.684333907e-01
-5.767253123e-01 8.047328844e-01 1.197604265e+00
-5.717185464e-01 -3.635165157e-01 2.110078355e-02
-5.667117805e-01 5.314566206e-01 1.025024710e+00
-5.617050146e-01 -8.501058073e-02 5.721261635e-01
-5.566982487e-01 -3.650511913e-01 2.127740185e-02
-5.516914829e-01 -3.656921328e-01 2.137135208e-02
-5.466847170e-01 2.846061079e+00 3.212118047e+00
-5.416779511e-01 -3.667624774e-01 2.153312592e-02
-5.366711852e-01 2.065142610e+00 1.720205193e+00
-5.316644193e-01 -3.677720881e-01 2.163713540e-02
-5.266576534e-01 -3.677970977e-01 2.171949227e-02
-5.216508876e-01 7.277960130e-01 1.152393305e+00
-5.166441217e-01 -2.542102856e-01 3.733473973e-01
-5.116373558e-01 1.357270561e+00 1.445906216e+00
-5.066305899e-01 1.489102236e+00 1.484762136e+00
-5.016238240e-01 -3.730922586e-01 2.218285655e-02
-4.966170581e-01 7.929929722e-01 1.168110472e+00
-4.916102922e-01 -3.765657402e-01 2.233170258e-02
-4.866035264e-01 -3.780573782e-01 2.239581368e-02
-4.815967605e-01 -3.790876582e-01 2.254227554e-02
-4.765899946e-01 -3.798809343e-01 2.264617861e-02
-4.715832287e-01 -3.802979320e-01 2.265023198e-02
-4.665764628e-01 -3.810633617e-01 2.271442563e-02
-4.615696969e-01 -3.821558574e-01 2.283586222e-02
-4.565629311e-01 -2.990588090e-02 6.602979559e-01
-4.515561652e-01 -2.185379198e-01 4.501786665e-01
-4.465493993e-01 -3.852369101e-01 2.308195268e-02
-4.415426334e-01 -3.870389510e-01 2.320884208e-02
-4.365358675e-01 -3.886918905e-01 2.331768637e-02
-4.315291016e-01 -3.909551601e-01 2.342937809e-02
-4.265223358e-01 -3.938444753e-01 2.357001233e-02
-4.215155699e-01 -3.967652453e-01 2.367495178e-02
-4.165088040e-01 1.038466752e+00 1.438496443e+00
-4.115020381e-01 -4.025809429e-01 2.391120412e-02
-4.064952722e-01 8.296953632e-01 1.234134017e+00
-4.014885063e-01 2.752255005e+00 1.951412139e+00
-3.964817405e-01 4.789818813e-02 7.369669375e-01
-3.914749746e-01 -4.079527724e-01 2.382765539e-02
-3.864682087e-01 7.589308016e-01 1.168822773e+00
-3.814614428e-01 -4.117532928e-01 2.381989567e-02
-3.764546769e-01 -2.417930813e-01 4.579991035e-01
-3.714479110e-01 6.165952697e-01 1.117469727e+00
-3.664411452e-01 7.929523579e-01 1.243303453e+00
-3.614343793e-01 -3.622019182e-01 2.796054882e-01
-3.564276134e-01 -4.254564018e-01 2.390409761e-02
-3.514208475e-01 3.576326299e-01 9.623162798e-01
-3.464140816e-01 1.848966421e+00 1.653392120e+00
-3.414073157e-01 1.145825498e-01 8.367096579e-01
-3.364005499e-01 3.073942087e-02 7.555626576e-01
-3.313937840e-01 3.175184033e-01 9.603970569e-01
-3.263870181e-01 7.671882767e-01 1.207769761e+00
-3.213802522e-01 -4.426288408e-01 2.465381127e-02
-3.163734863e-01 7.585169928e-01 1.204335003e+00
-3.113667204e-01 -4.485744500e-01 2.559903712e-02
-3.063599546e-01 -4.513000430e-01 2.508019444e-02
-3.013531887e-01 7.487153131e-01 1.202126573e+00
-2.963464228e-01 -1.720241606e-01 5.956852980e-01
-2.913396569e-01 9.565729128e-01 1.315570070e+00
-2.863328910e-01 -4.572492421e-01 2.554094726e-02
-2.813261251e-01 -4.589543913e-01 2.567880110e-02
-2.763193592e-01 -4.604760867e-01 2.580424998e-02
-2.713125934e-01 7.598432312e-01 1.222551424e+00
-2.663058275e-01 -4.653440567e-01 2.609680731e-02
-2.612990616e-01 -4.684157015e-01 2.627638598e-02
-2.562922957e-01 -4.714213270e-01 2.644828359e-02
-2.512855298e-01 7.339835009e-01 1.207968253e+00
-2.462787639e-01 1.871821693e-01 8.122142560e-01
-2.412719981e-01 -1.466062664e-01 5.738089752e-01
-2.362652322e-01 1.290033080e-01 8.815917774e-01
-2.312584663e-01 1.875340089e-01 9.221263724e-01
-2.262517004e-01 1.123302143e+00 1.414232837e+00
-2.212449345e-01 6.207645260e-01 1.157834662e+00
-2.162381686e-01 4.979989014e-01 1.088632678e+00
-2.112314028e-01 7.505683169e-01 1.233774571e+00
-2.062246369e-01 -4.847239582e-01 2.891562269e-02
-2.012178710e-01 -4.894524143e-01 2.861515980e-02
-1.962111051e-01 -4.962811948e-01 2.898522691e-02
-1.912043392e-01 -5.033282758e-01 2.935739012e-02
-1.861975733e-01 7.222729833e-01 1.234069617e+00
-1.811908075e-01 7.008717209e-01 1.221677246e+00
-1.761840416e-01 1.738722441e+00 1.667845225e+00
-1.711772757e-01 -5.364246997e-01 3.074546364e-02
-1.661705098e-01 1.524018261e+00 1.954092315e+00
-1.611637439e-01 4.859748450e-01 1.092931918e+00
-1.561569780e-01 6.513360257e-01 1.243888414e+00
-1.511502122e-01 6.079933848e-01 1.178699492e+00
-1.461434463e-01 2.827537110e+00 2.049610957e+00
-1.411366804e-01 -2.863846071e-01 6.142307635e-01
-1.361299145e-01 9.370987515e-02 9.157162696e-01
-1.311231486e-01 1.088253870e+00 1.421319637e+00
-1.261163827e-01 -6.219216941e-01 3.400764399e-02
-1.211096169e-01 -6.344785406e-01 3.441602684e-02
-1.161028510e-01 -4.046263780e-01 5.581932528e-01
-1.110960851e-01 4.659398324e-01 1.188397706e+00
-1.060893192e-01 1.218984082e+00 1.372245810e+00
-1.010825533e-01 5.735962196e-01 1.256588594e+00
-9.607578743e-02 -6.900157571e-01 3.647069444e-02
-9.106902155e-02 -2.386045600e-01 7.403392250e-01
-8.606225567e-02 -5.371219863e-01 4.508837411e-01
-8.105548978e-02 -2.347565600e-01 7.700776054e-01
-7.604872390e-02 -1.957877996e-01 8.076837560e-01
-7.104195802e-02 1.999245054e+00 1.825171343e+00
-6.603519213e-02 8.493415093e-01 1.374354712e+00
-6.102842625e-02 -7.412445710e-01 3.860042595e-02
-5.602166036e-02 5.150174490e-01 1.260587777e+00
-5.101489448e-02 -7.479126660e-01 3.907521831e-02
-4.600812860e-02 4.755079482e-01 1.229249213e+00
-4.100136271e-02 5.717757464e+00 3.033968925e+00
-3.599459683e-02 1.599904536e+01 4.905871739e+00
-3.098783095e-02 6.329791336e+01 9.140185225e+00
-2.598106506e-02 1.737591137e+02 1.499448413e+01
-2.097429918e-02 4.589035933e+02 2.516908149e+01
-1.596753329e-02 9.658985549e+02 3.578375404e+01
-1.096076741e-02 1.695120472e+03 4.730738079e+01
-5.954001527e-03 2.426835507e+03 5.677827585e+01
-9.472356436e-04 2.852057743e+03 6.192560482e+01
4.059530240e-03 2.672480624e+03 5.952655528e+01
9.066296124e-03 1.853164051e+03 5.001715312e+01
1.407306201e-02 1.016300400e+03 3.682887460e+01
1.907982789e-02 3.657689270e+02 2.226597148e+01
2.408659378e-02 8.010118400e+01 1.038547278e+01
2.909335966e-02 1.408527741e+01 4.288575280e+00
3.410012554e-02 3.868636833e+00 2.426746958e+00
3.910689143e-02 7.002153544e+00 3.115415905e+00
4.411365731e-02 1.097463513e+00 1.541937485e+00
4.912042319e-02 2.457369566e+00 2.035910977e+00
5.412718908e-02 3.516026440e+00 2.355515506e+00
5.913395496e-02 2.252429342e+00 1.967031290e+00
6.414072084e-02 2.288606323e+00 2.289771411e+00
6.914748673e-02 -1.796399324e-01 1.001808327e+00
7.415425261e-02 3.219643563e+00 2.268523114e+00
7.916101850e-02 1.241280644e+00 1.661711013e+00
8.416778438e-02 -5.716046831e-01 7.542272412e-01
8.917455026e-02 3.744190903e+00 2.425580268e+00
9.418131615e-02 1.497597935e-01 1.206721205e+00
9.918808203e-02 1.579854502e+00 1.789095938e+00
1.041948479e-01 -1.079769415e+00 5.236702568e-02
1.092016138e-01 1.270377928e-02 1.161274462e+00
1.142083797e-01 2.509333128e-01 1.294184723e+00
1.192151456e-01 -2.461040959e-01 1.031511379e+00
1.242219114e-01 4.280365955e-01 1.380241191e+00
1.292286773e-01 -5.170267972e-01 8.821991145e-01
1.342354432e-01 2.942920190e+00 2.254952175e+00
1.392422091e-01 1.020365472e+00 1.646381362e+00
1.442489750e-01 3.965449664e-01 1.393662449e+00
1.492557409e-01 -1.224814037e+00 5.761052345e-02
1.542625068e-01 -1.176703387e+00 2.803397234e-01
1.592692726e-01 -5.609963283e-02 1.223946841e+00
1.642760385e-01 4.776317233e-01 1.460733890e+00
1.692828044e-01 2.075625188e+00 2.015312786e+00
1.742895703e-01 2.506349049e+00 2.161093910e+00
1.792963362e-01 -2.164457919e-01 1.151864802e+00
1.843031021e-01 3.944032296e-01 1.436429859e+00
1.893098679e-01 -1.210800119e-01 1.218128822e+00
1.943166338e-01 9.183517134e-01 1.674038097e+00
1.993233997e-01 1.307490170e+00 1.837099669e+00
2.043301656e-01 -1.249283011e+00 4.508939910e-01
2.093369315e-01 2.732837963e-02 1.454326112e+00
2.143436974e-01 -2.212990899e-01 1.199146522e+00
2.193504632e-01 3.245413999e-02 1.566243381e+00
2.243572291e-01 -1.133557050e+00 7.211196221e-01
2.293639950e-01 6.962047928e-02 1.375781333e+00
2.343707609e-01 1.868215857e+00 2.008127285e+00
2.393775268e-01 8.517165464e-01 1.714253777e+00
2.443842927e-01 2.414541517e+00 2.206505047e+00
2.493910585e-01 -1.210171349e+00 5.801059438e-01
2.543978244e-01 2.066757287e+00 2.158032469e+00
2.594045903e-01 2.972077163e+00 2.634756385e+00
2.644113562e-01 6.992451082e-01 1.606624509e+00
2.694181221e-01 1.258428933e-01 1.392244207e+00
2.744248880e-01 2.157910836e+00 2.179436410e+00
2.794316538e-01 6.856636167e-01 1.630549056e+00
2.844384197e-01 1.087658832e+00 1.777276747e+00
2.894451856e-01 3.776133143e-02 1.376621976e+00
2.944519515e-01 8.105899245e-01 1.674740294e+00
2.994587174e-01 1.294460625e+00 1.853439593e+00
3.044654833e-01 3.177792326e+00 2.519434843e+00
3.094722491e-01 -7.047829749e-01 1.041699967e+00
3.144790150e-01 1.443285454e+00 2.298876604e+00
3.194857809e-01 -1.193787440e-01 1.616732876e+00
3.244925468e-01 7.042181434e-02 1.443221511e+00
3.294993127e-01 4.555341657e-01 1.681952564e+00
3.345060786e-01 1.482132537e+00 2.074968984e+00
3.395128445e-01 -2.069850200e-01 1.655293485e+00
3.445196103e-01 4.075907388e-01 1.983964490e+00
3.495263762e-01 2.088335022e+00 2.331951065e+00
3.545331421e-01 2.125904409e+00 2.541585055e+00
3.595399080e-01 -7.083767194e-01 1.171117299e+00
3.645466739e-01 -9.415323424e-01 1.072983973e+00
3.695534398e-01 1.178859370e-01 1.528824334e+00
3.745602056e-01 2.964523859e-01 1.614936554e+00
3.795669715e-01 1.183081343e+00 1.916788737e+00
3.845737374e-01 -6.899862683e-01 1.274244129e+00
3.895805033e-01 -1.020000950e+00 1.092501262e+00
3.945872692e-01 -1.606465561e+00 7.773580999e-01
3.995940351e-01 -8.203151859e-02 1.515912695e+00
4.046008009e-01 -1.228917598e-01 1.508581515e+00
4.096075668e-01 -3.648009161e-01 1.427303495e+00
4.146143327e-01 -2.266913417e+00 9.914770271e-02
4.196210986e-01 -1.243420915e+00 1.069108748e+00
4.246278645e-01 -7.229433884e-01 1.708366128e+00
4.296346304e-01 -1.135468848e+00 1.210030713e+00
4.346413962e-01 -2.411082299e+00 1.041634162e-01
4.396481621e-01 -6.750048939e-01 1.391339979e+00
4.446549280e-01 6.978411733e-01 1.865722951e+00
4.496616939e-01 -1.499095194e+00 1.071002818e+00
4.546684598e-01 -1.940942015e+00 8.082406690e-01
4.596752257e-01 -5.561216340e-01 1.531415716e+00
4.646819915e-01 3.554250475e+00 2.630769390e+00
4.696887574e-01 -1.459255086e+00 1.141698149e+00
4.746955233e-01 6.687045726e-01 1.987464178e+00
4.797022892e-01 5.288136607e-01 1.861803678e+00
4.847090551e-01 2.330669206e+00 2.615172782e+00
4.897158210e-01 -1.851920119e+00 1.009895229e+00
4.947225868e-01 -1.940458494e-01 1.693842995e+00
4.997293527e-01 4.004219025e+00 3.133800069e+00
5.047361186e-01 2.280442188e-01 2.128413445e+00
5.097428845e-01 3.791974174e-01 2.176788391e+00
5.147496504e-01 -4.337950993e-01 1.909013051e+00
5.197564163e-01 6.677773553e-01 2.201400750e+00
5.247631821e-01 6.647884555e-01 2.237781941e+00
5.297699480e-01 -2.120770610e+00 1.010382826e+00
5.347767139e-01 1.143597663e-01 1.906684758e+00
5.397834798e-01 -2.215639428e+00 1.028318777e+00
5.447902457e-01 -1.002077869e+00 1.637527689e+00
5.497970116e-01 1.288364783e+00 2.346002487e+00
5.548037775e-01 -2.315511616e+00 1.156109393e+00
5.598105433e-01 -1.589127814e+00 1.772885975e+00
5.648173092e-01 -6.453405109e-01 2.277224768e+00
5.698240751e-01 -9.967920592e-02 2.156508951e+00
5.748308410e-01 -8.422785512e-01 2.277851253e+00
5.798376069e-01 -7.254009231e-01 2.265908462e+00
5.848443728e-01 -1.665876782e-01 2.485430920e+00
5.898511386e-01 3.392019046e+00 3.339713490e+00
5.948579045e-01 -1.728670210e+00 1.844352429e+00
5.998646704e-01 8.502853132e-01 3.073663822e+00
6.048714363e-01 -1.803369840e+00 2.289231753e+00
6.098782022e-01 -1.989804999e+00 1.885937987e+00
6.148849681e-01 3.054158154e+00 3.873672876e+00
6.198917339e-01 -3.592458023e+00 1.174397251e+00
6.248984998e-01 2.643556073e+00 3.650079515e+00
6.299052657e-01 5.517551240e+00 4.877003521e+00
6.349120316e-01 -4.958028992e-02 3.165674617e+00
6.399187975e-01 4.700215356e+00 5.261942411e+00
6.449255634e-01 -2.154837391e+00 2.807791751e+00
6.499323292e-01 -3.476775105e-01 3.459168575e+00
6.549390951e-01 -8.024202722e-01 3.477243051e+00
6.599458610e-01 -1.124871940e+00 3.471835862e+00
6.649526269e-01 -2.571465237e+00 4.723349172e+00
6.699593928e-01 1.259499696e+00 7.236916135e+00
6.749661587e-01 4.801159421e+00 6.147810359e+00
6.799729245e-01 -1.806568689e+00 3.581405953e+00
6.849796904e-01 1.140635139e+01 8.733850478e+00
6.899864563e-01 2.723641734e+00 8.278119881e+00
6.949932222e-01 7.458107081e+00 8.417763037e+00
6.999999881e-01 3.379403465e+00 7.193063782e+00
