# MSlice Cut of workspace "PLET_thf_background_summed_1.05meV_coh_rings"
# Cut axis: DeltaE,-3.0,0.699999988079071,0.014979757368564606
# Integration axis: |Q|,1.2,1.3,0.0
# (Energy Transfer (meV)) (Signal) (Error)
-3.000000000e+00 0.000000000e+00 0.000000000e+00
-2.984959350e+00 -1.140728620e-04 1.257420516e-03
-2.969918699e+00 -2.091924349e-05 1.163092575e-04
-2.954878049e+00 5.843750207e-04 1.847997748e-03
-2.939837399e+00 4.751456206e-05 2.084450518e-04
-2.924796748e+00 0.000000000e+00 0.000000000e+00
-2.909756098e+00 -1.502818288e-03 9.010256168e-04
-2.894715447e+00 2.115538430e-03 1.297768157e-03
-2.879674797e+00 1.973830353e-03 1.208123858e-03
-2.864634147e+00 -2.343320415e-03 1.557725231e-03
-2.849593496e+00 1.840615724e-03 1.191681161e-03
-2.834552846e+00 -9.645011923e-04 7.433064113e-04
-2.819512196e+00 0.000000000e+00 0.000000000e+00
-2.804471545e+00 1.470465845e-03 1.806061560e-03
-2.789430895e+00 -6.203481099e-04 6.271916704e-04
-2.774390245e+00 0.000000000e+00 0.000000000e+00
-2.759349594e+00 0.000000000e+00 0.000000000e+00
-2.744308944e+00 -1.354542798e-03 8.136197390e-04
-2.729268294e+00 -4.750440217e-04 4.806797510e-04
-2.714227643e+00 0.000000000e+00 0.000000000e+00
-2.699186993e+00 0.000000000e+00 0.000000000e+00
-2.684146342e+00 3.090650112e-03 1.899127732e-03
-2.669105692e+00 9.904960218e-05 1.436783834e-03
-2.654065042e+00 -1.393704096e-03 1.201658138e-03
-2.639024391e+00 0.000000000e+00 0.000000000e+00
-2.623983741e+00 1.545434030e-03 1.549840051e-03
-2.608943091e+00 -9.017629830e-04 7.266913085e-04
-2.593902440e+00 0.000000000e+00 0.000000000e+00
-2.578861790e+00 0.000000000e+00 0.000000000e+00
-2.563821140e+00 2.055166796e-03 1.265294144e-03
-2.548780489e+00 2.715207659e-03 2.043506045e-03
-2.533739839e+00 -2.706254226e-03 1.241333823e-03
-2.518699189e+00 -2.163698717e-03 1.090816144e-03
-2.503658538e+00 1.654378174e-03 1.748461934e-03
-2.488617888e+00 -3.273838602e-03 1.357160498e-03
-2.473577237e+00 -1.595206880e-03 9.467933451e-04
-2.458536587e+00 -2.566635102e-03 1.225773646e-03
-2.443495937e+00 -1.401925520e-04 1.109710466e-03
-2.428455286e+00 1.054995971e-03 1.717035385e-03
-2.413414636e+00 4.748789879e-03 2.377310658e-03
-2.398373986e+00 -1.183427425e-03 1.503551635e-03
-2.383333335e+00 7.770482332e-04 8.657312313e-04
-2.368292685e+00 -4.216327289e-04 1.873507691e-03
-2.353252035e+00 6.616453110e-05 1.535620784e-03
-2.338211384e+00 -6.126660313e-04 1.277969906e-03
-2.323170734e+00 -6.373296155e-04 2.155159330e-03
-2.308130084e+00 6.994317351e-06 7.324145281e-05
-2.293089433e+00 0.000000000e+00 0.000000000e+00
-2.278048783e+00 0.000000000e+00 0.000000000e+00
-2.263008132e+00 3.685018081e-03 1.871081533e-03
-2.247967482e+00 0.000000000e+00 0.000000000e+00
-2.232926832e+00 0.000000000e+00 0.000000000e+00
-2.217886181e+00 -1.828026193e-03 1.093670021e-03
-2.202845531e+00 0.000000000e+00 0.000000000e+00
-2.187804881e+00 2.467113871e-03 1.632466229e-03
-2.172764230e+00 -3.759315324e-04 9.021787726e-04
-2.157723580e+00 0.000000000e+00 0.000000000e+00
-2.142682930e+00 2.580512076e-03 1.658864901e-03
-2.127642279e+00 0.000000000e+00 0.000000000e+00
-2.112601629e+00 2.002944125e-03 1.250503531e-03
-2.097560979e+00 2.087935132e-03 1.680618705e-03
-2.082520328e+00 -2.543324195e-03 1.186715805e-03
-2.067479678e+00 -1.602946865e-03 9.604385231e-04
-2.052439027e+00 2.838186897e-03 1.785426283e-03
-2.037398377e+00 2.670548030e-03 1.900630792e-03
-2.022357727e+00 8.901667847e-05 1.149997257e-03
-2.007317076e+00 -3.002109250e-03 1.307053199e-03
-1.992276426e+00 1.607750510e-04 9.089714911e-04
-1.977235776e+00 1.816660090e-03 1.323773320e-03
-1.962195125e+00 2.659797405e-03 1.694099436e-03
-1.947154475e+00 0.000000000e+00 0.000000000e+00
-1.932113825e+00 -9.542567885e-04 7.988765881e-04
-1.917073174e+00 -3.058618484e-03 1.501367684e-03
-1.902032524e+00 2.560653114e-03 1.626798016e-03
-1.886991874e+00 0.000000000e+00 0.000000000e+00
-1.871951223e+00 1.724956565e-03 1.236778263e-03
-1.856910573e+00 4.935531945e-04 6.597398242e-04
-1.841869922e+00 0.000000000e+00 0.000000000e+00
-1.826829272e+00 -1.400797561e-03 8.808240789e-04
-1.811788622e+00 0.000000000e+00 0.000000000e+00
-1.796747971e+00 -4.847648660e-03 2.516304323e-03
-1.781707321e+00 -3.872557771e-03 2.156699221e-03
-1.766666671e+00 -3.191858263e-03 1.452642479e-03
-1.751626020e+00 1.794274251e-03 1.588121710e-03
-1.736585370e+00 1.157792029e-03 2.292467567e-03
-1.721544720e+00 -1.200048915e-03 9.080588210e-04
-1.706504069e+00 -7.410158169e-04 7.638065528e-04
-1.691463419e+00 -8.763564972e-04 6.902074068e-04
-1.676422768e+00 1.234266645e-03 1.702824247e-03
-1.661382118e+00 -2.007011872e-03 1.200384731e-03
-1.646341468e+00 -1.291079666e-03 9.466620286e-04
-1.631300817e+00 2.395858834e-03 1.660891828e-03
-1.616260167e+00 4.466437542e-04 7.156273891e-04
-1.601219517e+00 0.000000000e+00 0.000000000e+00
-1.586178866e+00 3.185871442e-03 2.784990672e-03
-1.571138216e+00 4.565590701e-03 3.860030562e-03
-1.556097566e+00 3.011587384e-03 1.986665021e-03
-1.541056915e+00 0.000000000e+00 0.000000000e+00
-1.526016265e+00 -1.477446869e-03 9.820205914e-04
-1.510975615e+00 1.523880164e-03 1.392731515e-03
-1.495934964e+00 4.145537322e-03 2.245330631e-03
-1.480894314e+00 2.418840879e-04 1.985203425e-03
-1.465853663e+00 -2.230329506e-04 2.041530291e-03
-1.450813013e+00 0.000000000e+00 0.000000000e+00
-1.435772363e+00 -5.223115796e-03 2.331232701e-03
-1.420731712e+00 2.849932194e-03 2.052163007e-03
-1.405691062e+00 1.400339669e-03 1.574239742e-03
-1.390650412e+00 4.567888404e-03 2.747188473e-03
-1.375609761e+00 1.775737590e-04 5.113791248e-04
-1.360569111e+00 2.685343980e-03 1.760935284e-03
-1.345528461e+00 0.000000000e+00 0.000000000e+00
-1.330487810e+00 -1.842437062e-03 1.097374096e-03
-1.315447160e+00 -4.799617495e-05 1.861893827e-04
-1.300406510e+00 9.307605056e-04 2.431229247e-03
-1.285365859e+00 4.647834202e-03 3.170016475e-03
-1.270325209e+00 2.894211501e-03 1.798100868e-03
-1.255284558e+00 0.000000000e+00 0.000000000e+00
-1.240243908e+00 0.000000000e+00 0.000000000e+00
-1.225203258e+00 0.000000000e+00 0.000000000e+00
-1.210162607e+00 0.000000000e+00 0.000000000e+00
-1.195121957e+00 -1.978627435e-03 1.183621286e-03
-1.180081307e+00 2.643498854e-03 1.743673338e-03
-1.165040656e+00 7.238417082e-03 3.410601664e-03
-1.150000006e+00 0.000000000e+00 0.000000000e+00
-1.134959356e+00 0.000000000e+00 0.000000000e+00
-1.119918705e+00 2.950996197e-03 3.345989818e-03
-1.104878055e+00 1.224617673e-03 1.962668192e-03
-1.089837405e+00 -6.535527298e-04 6.884227028e-04
-1.074796754e+00 -2.040934425e-03 1.228226382e-03
-1.059756104e+00 3.639582272e-03 2.060799522e-03
-1.044715453e+00 -3.994374528e-03 1.697481435e-03
-1.029674803e+00 1.670494116e-03 1.740510801e-03
-1.014634153e+00 0.000000000e+00 0.000000000e+00
-9.995935024e-01 1.756115679e-03 1.430882836e-03
-9.845528520e-01 -3.274896188e-03 1.615560530e-03
-9.695122017e-01 7.416955228e-04 2.044925155e-03
-9.544715513e-01 2.406038358e-03 2.263400127e-03
-9.394309009e-01 5.169557296e-03 3.782020071e-03
-9.243902506e-01 5.097922824e-03 3.310934324e-03
-9.093496002e-01 0.000000000e+00 0.000000000e+00
-8.943089499e-01 -6.742800030e-03 4.137963743e-03
-8.792682995e-01 0.000000000e+00 0.000000000e+00
-8.642276492e-01 9.194952446e-04 2.168084446e-03
-8.491869988e-01 -2.613387607e-03 1.404955912e-03
-8.341463484e-01 3.901180213e-04 2.513019771e-03
-8.191056981e-01 3.462798806e-03 3.034870458e-03
-8.040650477e-01 0.000000000e+00 0.000000000e+00
-7.890243974e-01 2.475233744e-03 3.232615137e-03
-7.739837470e-01 -1.703471680e-03 1.677152492e-03
-7.589430967e-01 6.254322719e-03 3.189272222e-03
-7.439024463e-01 -2.269028378e-03 1.375086655e-03
-7.288617959e-01 -2.797422138e-03 1.730457447e-03
-7.138211456e-01 0.000000000e+00 0.000000000e+00
-6.987804952e-01 1.678505475e-04 2.467638781e-03
-6.837398449e-01 7.878282775e-05 3.203541200e-04
-6.686991945e-01 -1.274023387e-03 3.064169502e-03
-6.536585441e-01 -7.970402233e-04 3.002033017e-03
-6.386178938e-01 -6.788981179e-03 2.997212006e-03
-6.235772434e-01 -1.473573580e-03 3.210005265e-03
-6.085365931e-01 5.416722681e-03 3.158499654e-03
-5.934959427e-01 -1.262708760e-03 2.797344457e-03
-5.784552924e-01 -3.219701843e-03 3.227424159e-03
-5.634146420e-01 2.849382493e-03 2.095549363e-03
-5.483739916e-01 -2.043574313e-03 1.306291743e-03
-5.333333413e-01 -2.432024964e-03 1.513023262e-03
-5.182926909e-01 -1.681451271e-05 2.771111465e-03
-5.032520406e-01 -2.200618324e-05 1.385822518e-04
-4.882113902e-01 5.648369764e-03 3.870963194e-03
-4.731707398e-01 1.408293366e-02 7.356745109e-03
-4.581300895e-01 4.839560459e-03 7.538751899e-03
-4.430894391e-01 1.559315210e-04 4.900998191e-04
-4.280487888e-01 -1.924120046e-03 1.346364812e-03
-4.130081384e-01 6.203561218e-03 5.115869515e-03
-3.979674881e-01 -2.675846612e-03 4.182234468e-03
-3.829268377e-01 3.511714232e-03 2.466876268e-03
-3.678861873e-01 3.098310420e-03 2.269948758e-03
-3.528455370e-01 1.094147266e-05 4.649663165e-03
-3.378048866e-01 -2.062482577e-03 3.052391325e-03
-3.227642363e-01 5.242938968e-03 5.114337485e-03
-3.077235859e-01 -3.729253925e-03 1.920244497e-03
-2.926829356e-01 -1.492651178e-03 1.237355640e-03
-2.776422852e-01 -8.724348726e-03 2.938330780e-03
-2.626016348e-01 2.061724100e-03 4.416952474e-03
-2.475609845e-01 -2.386412957e-03 1.508274085e-03
-2.325203341e-01 7.282722357e-03 7.077761137e-03
-2.174796838e-01 -1.607811161e-03 3.880144008e-03
-2.024390334e-01 -8.768233027e-04 5.526042817e-03
-1.873983830e-01 8.107735981e-04 4.951906043e-03
-1.723577327e-01 -7.642154693e-03 3.146880786e-03
-1.573170823e-01 3.095050739e-04 4.190166770e-03
-1.422764320e-01 -2.388830563e-03 1.601511872e-03
-1.272357816e-01 6.824193939e-04 2.643487705e-03
-1.121951313e-01 1.575707470e-02 6.171365543e-03
-9.715448090e-02 4.643461184e-03 6.250357544e-03
-8.211383054e-02 6.263662861e-03 4.454128251e-03
-6.707318018e-02 2.948298042e-03 5.908304351e-03
-5.203252982e-02 1.035956165e-02 7.457097417e-03
-3.699187947e-02 7.297912324e-03 8.825504315e-03
-2.195122911e-02 1.223486838e-02 1.386684987e-02
-6.910578749e-03 2.808582216e-02 1.697702035e-02
8.130071609e-03 -1.663058027e-03 1.263050675e-02
2.317072197e-02 8.139950669e-04 8.702437188e-03
3.821137233e-02 1.137521763e-02 8.313841574e-03
5.325202268e-02 2.214520662e-02 1.134788186e-02
6.829267304e-02 5.618968745e-03 7.102748059e-03
8.333332340e-02 1.547041876e-03 5.193083487e-03
9.837397376e-02 9.613331531e-03 1.196272743e-02
1.134146241e-01 -1.305563420e-02 4.798304746e-03
1.284552745e-01 3.440209674e-03 6.612778500e-03
1.434959248e-01 1.590986426e-02 1.237629453e-02
1.585365752e-01 1.500003479e-03 7.181310670e-03
1.735772255e-01 -1.227538198e-02 6.594661711e-03
1.886178759e-01 -3.478461766e-03 1.372385454e-02
2.036585263e-01 -2.044379314e-03 8.410658767e-03
2.186991766e-01 1.345093891e-02 1.714278354e-02
2.337398270e-01 2.764176671e-03 1.088873103e-02
2.487804773e-01 -5.283428696e-03 3.796691456e-03
2.638211277e-01 -5.623411100e-03 4.734669400e-03
2.788617781e-01 2.278521946e-04 2.039038244e-02
2.939024284e-01 7.059368755e-02 3.968503386e-02
3.089430788e-01 -1.257894371e-02 1.030917623e-02
3.239837291e-01 6.719331974e-02 5.587969594e-02
3.390243795e-01 1.181079722e-02 5.896817716e-02
3.540650298e-01 -1.702922447e-01 1.221384564e-01
3.691056802e-01 0.000000000e+00 0.000000000e+00
3.841463306e-01 0.000000000e+00 0.000000000e+00
3.991869809e-01          nan          nan
4.142276313e-01          nan          nan
4.292682816e-01          nan          nan
4.443089320e-01          nan          nan
4.593495824e-01          nan          nan
4.743902327e-01          nan          nan
4.894308831e-01          nan          nan
5.044715334e-01          nan          nan
5.195121838e-01          nan          nan
5.345528341e-01          nan          nan
5.495934845e-01          nan          nan
5.646341349e-01          nan          nan
5.796747852e-01          nan          nan
5.947154356e-01          nan          nan
6.097560859e-01          nan          nan
6.247967363e-01          nan          nan
6.398373866e-01          nan          nan
6.548780370e-01          nan          nan
6.699186874e-01          nan          nan
6.849593377e-01          nan          nan
6.999999881e-01          nan          nan
