# MSlice Cut of workspace "PLET_thf_background_summed_1.05meV_coh_rings"
# Cut axis: DeltaE,-3.0,0.699999988079071,0.014979757368564606
# Integration axis: |Q|,0.7,0.7999999999999999,0.0
# (Energy Transfer (meV)) (Signal) (Error)
-3.000000000e+00 0.000000000e+00 0.000000000e+00
-2.984959350e+00 0.000000000e+00 0.000000000e+00
-2.969918699e+00 -8.074037878e-03 4.865442983e-03
-2.954878049e+00 0.000000000e+00 0.000000000e+00
-2.939837399e+00 3.168216522e-03 2.121946443e-03
-2.924796748e+00 0.000000000e+00 0.000000000e+00
-2.909756098e+00 0.000000000e+00 0.000000000e+00
-2.894715447e+00 0.000000000e+00 0.000000000e+00
-2.879674797e+00 0.000000000e+00 0.000000000e+00
-2.864634147e+00 0.000000000e+00 0.000000000e+00
-2.849593496e+00 -5.319465531e-04 5.529038410e-04
-2.834552846e+00 0.000000000e+00 0.000000000e+00
-2.819512196e+00 0.000000000e+00 0.000000000e+00
-2.804471545e+00 0.000000000e+00 0.000000000e+00
-2.789430895e+00 1.077536486e-04 1.354588792e-03
-2.774390245e+00 0.000000000e+00 0.000000000e+00
-2.759349594e+00 0.000000000e+00 0.000000000e+00
-2.744308944e+00 -1.264293590e-03 7.613984693e-04
-2.729268294e+00 0.000000000e+00 0.000000000e+00
-2.714227643e+00 1.692689286e-03 1.040451812e-03
-2.699186993e+00 5.244454032e-04 1.169680360e-03
-2.684146342e+00 -2.488681408e-03 1.056793092e-03
-2.669105692e+00 3.397243671e-03 2.072498308e-03
-2.654065042e+00 -2.969284431e-04 3.287089877e-04
-2.639024391e+00 -4.315866472e-03 2.056841397e-03
-2.623983741e+00 1.131883776e-03 1.333788693e-03
-2.608943091e+00 1.573198760e-03 1.308251506e-03
-2.593902440e+00 -4.235512600e-04 3.362020499e-04
-2.578861790e+00 -3.532652208e-03 1.719803249e-03
-2.563821140e+00 2.943145781e-03 1.213129451e-03
-2.548780489e+00 2.914463743e-04 3.724023534e-04
-2.533739839e+00 -3.662415197e-03 1.613284561e-03
-2.518699189e+00 1.234605033e-03 1.145153570e-03
-2.503658538e+00 1.900905591e-03 1.177345265e-03
-2.488617888e+00 3.096032501e-03 1.901729674e-03
-2.473577237e+00 3.037945588e-03 1.345624996e-03
-2.458536587e+00 0.000000000e+00 0.000000000e+00
-2.443495937e+00 0.000000000e+00 0.000000000e+00
-2.428455286e+00 0.000000000e+00 0.000000000e+00
-2.413414636e+00 -4.450165307e-04 7.924868417e-04
-2.398373986e+00 2.147797661e-05 1.698163455e-03
-2.383333335e+00 0.000000000e+00 0.000000000e+00
-2.368292685e+00 1.042769157e-03 1.047065036e-03
-2.353252035e+00 8.399436432e-04 5.225230527e-04
-2.338211384e+00 1.402794154e-03 8.642964027e-04
-2.323170734e+00 0.000000000e+00 0.000000000e+00
-2.308130084e+00 2.136159716e-04 6.282750988e-04
-2.293089433e+00 -1.071928919e-03 6.851744209e-04
-2.278048783e+00 -7.223218134e-05 1.458044688e-04
-2.263008132e+00 0.000000000e+00 0.000000000e+00
-2.247967482e+00 0.000000000e+00 0.000000000e+00
-2.232926832e+00 -1.480252720e-03 6.504177521e-04
-2.217886181e+00 0.000000000e+00 0.000000000e+00
-2.202845531e+00 -2.872437364e-03 1.078501398e-03
-2.187804881e+00 -3.411707659e-03 1.233668116e-03
-2.172764230e+00 -5.003006396e-04 3.672548268e-04
-2.157723580e+00 0.000000000e+00 0.000000000e+00
-2.142682930e+00 -1.023879123e-03 5.715906367e-04
-2.127642279e+00 -1.968495517e-03 8.099330606e-04
-2.112601629e+00 -5.056498777e-04 7.188776207e-04
-2.097560979e+00 -8.979855430e-04 4.751367863e-04
-2.082520328e+00 -2.023463712e-03 9.793986373e-04
-2.067479678e+00 0.000000000e+00 0.000000000e+00
-2.052439027e+00 1.427655255e-03 9.059463715e-04
-2.037398377e+00 9.070561459e-04 5.640925596e-04
-2.022357727e+00 -2.787865348e-04 3.059480470e-04
-2.007317076e+00 0.000000000e+00 0.000000000e+00
-1.992276426e+00 1.578661398e-04 7.437559432e-04
-1.977235776e+00 4.924962286e-04 1.317054584e-03
-1.962195125e+00 -1.177924462e-03 6.087483630e-04
-1.947154475e+00 1.912971575e-03 1.666399335e-03
-1.932113825e+00 1.604138363e-03 1.040416094e-03
-1.917073174e+00 7.757411405e-04 6.392839573e-04
-1.902032524e+00 0.000000000e+00 0.000000000e+00
-1.886991874e+00 2.800054788e-04 9.023911356e-04
-1.871951223e+00 -7.356332194e-04 4.396902135e-04
-1.856910573e+00 1.586761108e-03 8.749656306e-04
-1.841869922e+00 -6.183237274e-05 7.808320952e-04
-1.826829272e+00 -6.778820079e-04 5.410903069e-04
-1.811788622e+00 -8.797586829e-04 5.266967439e-04
-1.796747971e+00 0.000000000e+00 0.000000000e+00
-1.781707321e+00 1.815855154e-03 1.143580171e-03
-1.766666671e+00 1.197274723e-04 8.626912952e-04
-1.751626020e+00 1.245369384e-03 7.938016255e-04
-1.736585370e+00 -7.323719497e-04 4.677043774e-04
-1.721544720e+00 5.912429186e-04 1.055839452e-03
-1.706504069e+00 7.837582864e-04 7.611906976e-04
-1.691463419e+00 8.056744007e-04 9.253324775e-04
-1.676422768e+00 -3.325011305e-04 7.256247082e-04
-1.661382118e+00 -1.058627202e-04 2.889509029e-04
-1.646341468e+00 0.000000000e+00 0.000000000e+00
-1.631300817e+00 0.000000000e+00 0.000000000e+00
-1.616260167e+00 6.886809392e-04 9.444187186e-04
-1.601219517e+00 -1.427013265e-03 1.310634989e-03
-1.586178866e+00 4.385340254e-04 2.025334683e-03
-1.571138216e+00 8.915375070e-04 7.613015132e-04
-1.556097566e+00 -3.037544721e-04 4.029728407e-04
-1.541056915e+00 -3.252353887e-04 3.177441283e-04
-1.526016265e+00 -2.784405109e-03 1.240563167e-03
-1.510975615e+00 -3.512823289e-03 1.584103560e-03
-1.495934964e+00 -1.076664152e-04 7.226624589e-04
-1.480894314e+00 4.059671619e-03 1.774152952e-03
-1.465853663e+00 4.362722005e-04 6.615111524e-04
-1.450813013e+00 -1.205985667e-03 7.515951310e-04
-1.435772363e+00 2.189304004e-03 1.410940726e-03
-1.420731712e+00 0.000000000e+00 0.000000000e+00
-1.405691062e+00 -2.340266724e-03 1.410725637e-03
-1.390650412e+00 1.345905813e-03 1.313367565e-03
-1.375609761e+00 0.000000000e+00 0.000000000e+00
-1.360569111e+00 0.000000000e+00 0.000000000e+00
-1.345528461e+00 -1.159714050e-03 6.942203186e-04
-1.330487810e+00 -9.998970783e-04 1.266355517e-03
-1.315447160e+00 2.559695316e-03 1.881575072e-03
-1.300406510e+00 8.691819889e-04 1.045411193e-03
-1.285365859e+00 3.356633716e-03 1.845856228e-03
-1.270325209e+00 -1.864316132e-03 2.081036180e-03
-1.255284558e+00 -3.242039017e-03 1.377425073e-03
-1.240243908e+00 1.114876003e-03 1.536565137e-03
-1.225203258e+00 -2.701901793e-04 4.337481822e-04
-1.210162607e+00 2.235790210e-04 1.646204009e-03
-1.195121957e+00 2.941244741e-03 2.865286673e-03
-1.180081307e+00 0.000000000e+00 0.000000000e+00
-1.165040656e+00 -5.389167624e-03 2.662552741e-03
-1.150000006e+00 3.760438091e-03 2.796774589e-03
-1.134959356e+00 -1.186692457e-03 1.125512237e-03
-1.119918705e+00 0.000000000e+00 0.000000000e+00
-1.104878055e+00 0.000000000e+00 0.000000000e+00
-1.089837405e+00 6.197122123e-04 9.710497389e-04
-1.074796754e+00 5.848941686e-03 2.969845452e-03
-1.059756104e+00 0.000000000e+00 0.000000000e+00
-1.044715453e+00 3.634982602e-06 7.305142887e-05
-1.029674803e+00 3.296579935e-03 2.134596831e-03
-1.014634153e+00 -2.513491113e-03 1.313107117e-03
-9.995935024e-01 0.000000000e+00 0.000000000e+00
-9.845528520e-01 0.000000000e+00 0.000000000e+00
-9.695122017e-01 -3.462734465e-03 2.097469942e-03
-9.544715513e-01 0.000000000e+00 0.000000000e+00
-9.394309009e-01 0.000000000e+00 0.000000000e+00
-9.243902506e-01 -6.481176871e-03 2.670147217e-03
-9.093496002e-01 -4.790783377e-03 2.337018953e-03
-8.943089499e-01 -6.532560902e-04 8.966018081e-04
-8.792682995e-01 -1.657010330e-03 2.399858587e-03
-8.642276492e-01 -9.940124689e-03 5.435724958e-03
-8.491869988e-01 -7.100963660e-04 8.457725296e-04
-8.341463484e-01 3.405142099e-03 4.077987641e-03
-8.191056981e-01 -7.146798828e-04 1.459359380e-03
-8.040650477e-01 -3.466420495e-03 2.262135462e-03
-7.890243974e-01 -1.525387701e-03 3.561858572e-03
-7.739837470e-01 -1.758966116e-03 1.274248383e-03
-7.589430967e-01 0.000000000e+00 0.000000000e+00
-7.439024463e-01 -2.816314947e-03 1.713481141e-03
-7.288617959e-01 -4.196587306e-03 2.766622565e-03
-7.138211456e-01 5.000704355e-03 3.269480459e-03
-6.987804952e-01 0.000000000e+00 0.000000000e+00
-6.837398449e-01 7.283255519e-04 3.095001471e-03
-6.686991945e-01 4.553737995e-03 3.181261648e-03
-6.536585441e-01 0.000000000e+00 0.000000000e+00
-6.386178938e-01 1.219762600e-02 5.196135648e-03
-6.235772434e-01 8.162967090e-04 3.398466101e-03
-6.085365931e-01 -4.537831563e-03 2.373705850e-03
-5.934959427e-01 2.350302866e-03 3.214216695e-03
-5.784552924e-01 3.670027539e-03 3.727934175e-03
-5.634146420e-01 -2.817502798e-03 1.719721467e-03
-5.483739916e-01 2.927033599e-03 2.541769850e-03
-5.333333413e-01 6.028007037e-03 3.584396797e-03
-5.182926909e-01 0.000000000e+00 0.000000000e+00
-5.032520406e-01 0.000000000e+00 0.000000000e+00
-4.882113902e-01 4.620279278e-03 3.226970025e-03
-4.731707398e-01 -1.558438249e-03 1.414874464e-03
-4.581300895e-01 3.000319373e-03 3.947257054e-03
-4.430894391e-01 -2.077835660e-03 6.666457092e-03
-4.280487888e-01 5.811855401e-03 4.287460981e-03
-4.130081384e-01 6.272501167e-04 1.172715281e-03
-3.979674881e-01 -2.118755363e-03 1.711289627e-03
-3.829268377e-01 0.000000000e+00 0.000000000e+00
-3.678861873e-01 8.589594485e-03 6.279661943e-03
-3.528455370e-01 -4.766268971e-03 3.220659993e-03
-3.378048866e-01 8.811887743e-03 6.315527360e-03
-3.227642363e-01 5.831347689e-03 4.735890721e-03
-3.077235859e-01 -2.948988839e-03 3.936806215e-03
-2.926829356e-01 -6.563133294e-03 2.879776347e-03
-2.776422852e-01 -7.493791194e-03 4.090151629e-03
-2.626016348e-01 -1.606569902e-02 1.711834161e-02
-2.475609845e-01 -4.891258920e-04 8.684971492e-04
-2.325203341e-01 1.680338793e-02 7.257138210e-03
-2.174796838e-01 3.023950496e-03 3.128950058e-03
-2.024390334e-01 3.138943084e-03 6.041090880e-03
-1.873983830e-01 3.659699493e-03 7.130715902e-03
-1.723577327e-01 6.399331382e-03 6.296195720e-03
-1.573170823e-01 2.923502476e-02 1.127351837e-02
-1.422764320e-01 1.001545282e-03 4.535777710e-03
-1.272357816e-01 -7.192993102e-03 3.392994768e-03
-1.121951313e-01 -4.541668710e-04 1.136508402e-03
-9.715448090e-02 -6.265022834e-03 6.638864635e-03
-8.211383054e-02 7.784314772e-03 5.335080000e-03
-6.707318018e-02 1.460596087e-02 8.187982509e-03
-5.203252982e-02 -3.782293944e-03 2.383068874e-03
-3.699187947e-02 5.146928438e-03 4.007164856e-03
-2.195122911e-02 2.865427429e-03 1.379838740e-02
-6.910578749e-03 -2.779930265e-03 2.389235355e-02
8.130071609e-03 1.621572081e-02 1.792378257e-02
2.317072197e-02 9.863052768e-03 6.944767384e-03
3.821137233e-02 -5.038420621e-03 3.390758883e-03
5.325202268e-02 -2.395378463e-04 8.506221213e-03
6.829267304e-02 1.100742539e-02 1.048225338e-02
8.333332340e-02 -4.170026442e-03 1.075328777e-02
9.837397376e-02 2.857697677e-02 1.175529475e-02
1.134146241e-01 3.101127295e-03 6.912131805e-03
1.284552745e-01 1.537791486e-02 1.146516810e-02
1.434959248e-01 -2.343523494e-04 1.013455305e-02
1.585365752e-01 1.189215647e-02 1.576059660e-02
1.735772255e-01 9.438078512e-03 1.272147937e-02
1.886178759e-01 2.550232557e-02 1.459651871e-02
2.036585263e-01 -4.781037095e-03 7.927041073e-03
2.186991766e-01 -9.402621278e-03 6.968705425e-03
2.337398270e-01 -1.136755572e-02 1.218422303e-02
2.487804773e-01 5.853315398e-03 1.001947593e-02
2.638211277e-01 1.037257028e-02 1.213389620e-02
2.788617781e-01 2.339225333e-02 1.557011672e-02
2.939024284e-01 -8.517442667e-03 1.586263764e-02
3.089430788e-01 3.337439213e-02 2.192873181e-02
3.239837291e-01 -8.308640861e-03 1.031795770e-02
3.390243795e-01 1.589311035e-02 1.925114467e-02
3.540650298e-01 -3.591487598e-02 1.049965935e-02
3.691056802e-01 1.138763139e-02 1.878964920e-02
3.841463306e-01 1.903443695e-03 1.213140095e-02
3.991869809e-01 -1.698953339e-02 2.063967586e-02
4.142276313e-01 3.800855005e-02 2.554596490e-02
4.292682816e-01 -1.365331994e-02 1.896047856e-02
4.443089320e-01 2.744044162e-02 3.050419193e-02
4.593495824e-01 3.158893885e-02 3.325414223e-02
4.743902327e-01 6.801036349e-02 3.362230514e-02
4.894308831e-01 2.007143649e-02 2.253208973e-02
5.044715334e-01 4.041119414e-02 3.034960420e-02
5.195121838e-01 4.689811011e-02 3.666634812e-02
5.345528341e-01 2.573623425e-02 4.198345760e-02
5.495934845e-01 1.324163784e-01 5.246381744e-02
5.646341349e-01 1.396171329e-01 4.935418216e-02
5.796747852e-01 6.021822000e-03 4.571176642e-02
5.947154356e-01 1.767315961e-01 6.266099027e-02
6.097560859e-01 1.525450761e-01 6.513000075e-02
6.247967363e-01 1.202653056e-01 6.654790440e-02
6.398373866e-01 1.196599312e-01 7.590253288e-02
6.548780370e-01 9.972101626e-02 6.728361652e-02
6.699186874e-01 -2.360501761e-02 7.812105068e-02
6.849593377e-01 5.500798802e-02 9.087858137e-02
6.999999881e-01 8.105276966e-02 9.332496138e-02
